[v: 1 23  1 1.000000 1280]
[v: 1 23  2 1.000000 1280]
[v: 1 23  3 1.000000 1280]
[v: 1 23  4 1.000000 1280]
[v: 1 23  5 1.000000 1280]
[v: 1 23  6 1.000000 1280]
[v: 1 23  7 1.000000 1280]
[v: 1 23  8 1.000000 1280]
[v: 1 23  9 1.000000 1280]
[v: 1 23 10 1.000000 1280]
[v: 1 23 11 1.000000 1280]
[v: 1 23 12 1.000000 1280]
[v: 1 23 13 1.000000 1280]
[v: 1 23 14 1.000000 1280]
[v: 1 23 15 1.000000 1280]
[v: 1 23 16 1.000000 1280]
[v: 1 23 17 1.000000 1280]
[v: 1 23 18 1.000000 1280]
[v: 1 23 19 1.000000 1280]
[v: 1 23 20 1.000000 1280]
[v: 1 23 21 1.000000 1280]
[v: 1 23 22 1.000000 1280]
[v: 1 23 23 1.000000 1280]
[v: 1 23 24 1.000000 1280]
[v: 1 23 25 1.000000 1280]
[v: 1 23 26 1.000000 1280]
[v: 1 23 27 1.000000 1280]
[v: 1 23 28 1.000000 1280]
[v: 1 23 29 1.000000 1280]
[v: 1 23 30 1.000000 1280]
[v: 1 23 31 1.000000 1280]
[v: 1 23 32 1.000000 1280]
[v: 1 23 33 1.000000 1280]
[v: 1 23 34 1.000000 1280]
[v: 1 23 35 1.000000 1280]
[v: 1 23 36 1.000000 1280]
[v: 1 23 37 1.000000 1280]
[v: 1 23 38 1.000000 1280]
[v: 1 23 39 1.000000 1280]
[v: 1 23 40 1.000000 1280]
[v: 1 23 41 1.000000 1280]
[v: 1 23 42 1.000000 1280]
[v: 1 23 43 1.000000 1280]
[v: 1 23 44 1.000000 1280]
[v: 1 23 45 1.000000 1280]
[v: 1 23 46 1.000000 1280]
[v: 1 23 47 1.000000 1280]
[v: 1 23 48 1.000000 1280]
[v: 1 23 49 1.000000 1280]
[v: 2 23  1 1.000000 1280]
[v: 2 23  2 1.000000 1280]
[v: 2 23  3 1.000000 1280]
[v: 2 23  4 1.000000 1280]
[v: 2 23  5 1.000000 1280]
[v: 2 23  6 1.000000 1280]
[v: 2 23  7 1.000000 1280]
[v: 2 23  8 1.000000 1280]
[v: 2 23  9 1.000000 1280]
[v: 2 23 10 1.000000 1280]
[v: 2 23 11 1.000000 1280]
[v: 2 23 12 1.000000 1280]
[v: 2 23 13 1.000000 1280]
[v: 2 23 14 1.000000 1280]
[v: 2 23 15 1.000000 1280]
[v: 2 23 16 1.000000 1280]
[v: 2 23 17 1.000000 1280]
[v: 2 23 18 1.000000 1280]
[v: 2 23 19 1.000000 1280]
[v: 2 23 20 1.000000 1280]
[v: 2 23 21 1.000000 1280]
[v: 2 23 22 1.000000 1280]
[v: 2 23 23 1.000000 1280]
[v: 2 23 24 1.000000 1280]
[v: 2 23 25 1.000000 1280]
[v: 2 23 26 1.000000 1280]
[v: 2 23 27 1.000000 1280]
[v: 2 23 28 1.000000 1280]
[v: 2 23 29 1.000000 1280]
[v: 2 23 30 1.000000 1280]
[v: 2 23 31 1.000000 1280]
[v: 2 23 32 1.000000 1280]
[v: 2 23 33 1.000000 1280]
[v: 2 23 34 1.000000 1280]
[v: 2 23 35 1.000000 1280]
[v: 2 23 36 1.000000 1280]
[v: 2 23 37 1.000000 1280]
[v: 2 23 38 1.000000 1280]
[v: 2 23 39 1.000000 1280]
[v: 2 23 40 1.000000 1280]
[v: 2 23 41 1.000000 1280]
[v: 2 23 42 1.000000 1280]
[v: 2 23 43 1.000000 1280]
[v: 2 23 44 1.000000 1280]
[v: 2 23 45 1.000000 1280]
[v: 2 23 46 1.000000 1280]
[v: 2 23 47 1.000000 1280]
[v: 2 23 48 1.000000 1280]
[v: 2 23 49 1.000000 1280]
[v: 3 23  1 1.000000 1280]
[v: 3 23  2 1.000000 1280]
[v: 3 23  3 1.000000 1280]
[v: 3 23  4 1.000000 1280]
[v: 3 23  5 1.000000 1280]
[v: 3 23  6 1.000000 1280]
[v: 3 23  7 1.000000 1280]
[v: 3 23  8 1.000000 1280]
[v: 3 23  9 1.000000 1280]
[v: 3 23 10 1.000000 1280]
[v: 3 23 11 1.000000 1280]
[v: 3 23 12 1.000000 1280]
[v: 3 23 13 1.000000 1280]
[v: 3 23 14 1.000000 1280]
[v: 3 23 15 1.000000 1280]
[v: 3 23 16 1.000000 1280]
[v: 3 23 17 1.000000 1280]
[v: 3 23 18 1.000000 1280]
[v: 3 23 19 1.000000 1280]
[v: 3 23 20 1.000000 1280]
[v: 3 23 21 1.000000 1280]
[v: 3 23 22 1.000000 1280]
[v: 3 23 23 1.000000 1280]
[v: 3 23 24 1.000000 1280]
[v: 3 23 25 1.000000 1280]
[v: 3 23 26 1.000000 1280]
[v: 3 23 27 1.000000 1280]
[v: 3 23 28 1.000000 1280]
[v: 3 23 29 1.000000 1280]
[v: 3 23 30 1.000000 1280]
[v: 3 23 31 1.000000 1280]
[v: 3 23 32 1.000000 1280]
[v: 3 23 33 1.000000 1280]
[v: 3 23 34 1.000000 1280]
[v: 3 23 35 1.000000 1280]
[v: 3 23 36 1.000000 1280]
[v: 3 23 37 1.000000 1280]
[v: 3 23 38 1.000000 1280]
[v: 3 23 39 1.000000 1280]
[v: 3 23 40 1.000000 1280]
[v: 3 23 41 1.000000 1280]
[v: 3 23 42 1.000000 1280]
[v: 3 23 43 1.000000 1280]
[v: 3 23 44 1.000000 1280]
[v: 3 23 45 1.000000 1280]
[v: 3 23 46 1.000000 1280]
[v: 3 23 47 1.000000 1280]
[v: 3 23 48 1.000000 1280]
[v: 3 23 49 1.000000 1280]
[v: 4 23  1 1.000000 1280]
[v: 4 23  2 1.000000 1280]
[v: 4 23  3 1.000000 1280]
[v: 4 23  4 1.000000 1280]
[v: 4 23  5 1.000000 1280]
[v: 4 23  6 1.000000 1280]
[v: 4 23  7 1.000000 1280]
[v: 4 23  8 1.000000 1280]
[v: 4 23  9 1.000000 1280]
[v: 4 23 10 1.000000 1280]
[v: 4 23 11 1.000000 1280]
[v: 4 23 12 1.000000 1280]
[v: 4 23 13 1.000000 1280]
[v: 4 23 14 1.000000 1280]
[v: 4 23 15 1.000000 1280]
[v: 4 23 16 1.000000 1280]
[v: 4 23 17 1.000000 1280]
[v: 4 23 18 1.000000 1280]
[v: 4 23 19 1.000000 1280]
[v: 4 23 20 1.000000 1280]
[v: 4 23 21 1.000000 1280]
[v: 4 23 22 1.000000 1280]
[v: 4 23 23 1.000000 1280]
[v: 4 23 24 1.000000 1280]
[v: 4 23 25 1.000000 1280]
[v: 4 23 26 1.000000 1280]
[v: 4 23 27 1.000000 1280]
[v: 4 23 28 1.000000 1280]
[v: 4 23 29 1.000000 1280]
[v: 4 23 30 1.000000 1280]
[v: 4 23 31 1.000000 1280]
[v: 4 23 32 1.000000 1280]
[v: 4 23 33 1.000000 1280]
[v: 4 23 34 1.000000 1280]
[v: 4 23 35 1.000000 1280]
[v: 4 23 36 1.000000 1280]
[v: 4 23 37 1.000000 1280]
[v: 4 23 38 1.000000 1280]
[v: 4 23 39 1.000000 1280]
[v: 4 23 40 1.000000 1280]
[v: 4 23 41 1.000000 1280]
[v: 4 23 42 1.000000 1280]
[v: 4 23 43 1.000000 1280]
[v: 4 23 44 1.000000 1280]
[v: 4 23 45 1.000000 1280]
[v: 4 23 46 1.000000 1280]
[v: 4 23 47 1.000000 1280]
[v: 4 23 48 1.000000 1280]
[v: 4 23 49 1.000000 1280]
[v: 5 23  1 1.000000 1280]
[v: 5 23  2 1.000000 1280]
[v: 5 23  3 1.000000 1280]
[v: 5 23  4 1.000000 1280]
[v: 5 23  5 1.000000 1280]
[v: 5 23  6 1.000000 1280]
[v: 5 23  7 1.000000 1280]
[v: 5 23  8 1.000000 1280]
[v: 5 23  9 1.000000 1280]
[v: 5 23 10 1.000000 1280]
[v: 5 23 11 1.000000 1280]
[v: 5 23 12 1.000000 1280]
[v: 5 23 13 1.000000 1280]
[v: 5 23 14 1.000000 1280]
[v: 5 23 15 1.000000 1280]
[v: 5 23 16 1.000000 1280]
[v: 5 23 17 1.000000 1280]
[v: 5 23 18 1.000000 1280]
[v: 5 23 19 1.000000 1280]
[v: 5 23 20 1.000000 1280]
[v: 5 23 21 1.000000 1280]
[v: 5 23 22 1.000000 1280]
[v: 5 23 23 1.000000 1280]
[v: 5 23 24 1.000000 1280]
[v: 5 23 25 1.000000 1280]
[v: 5 23 26 1.000000 1280]
[v: 5 23 27 1.000000 1280]
[v: 5 23 28 1.000000 1280]
[v: 5 23 29 1.000000 1280]
[v: 5 23 30 1.000000 1280]
[v: 5 23 31 1.000000 1280]
[v: 5 23 32 1.000000 1280]
[v: 5 23 33 1.000000 1280]
[v: 5 23 34 1.000000 1280]
[v: 5 23 35 1.000000 1280]
[v: 5 23 36 1.000000 1280]
[v: 5 23 37 1.000000 1280]
[v: 5 23 38 1.000000 1280]
[v: 5 23 39 1.000000 1280]
[v: 5 23 40 1.000000 1280]
[v: 5 23 41 1.000000 1280]
[v: 5 23 42 1.000000 1280]
[v: 5 23 43 1.000000 1280]
[v: 5 23 44 1.000000 1280]
[v: 5 23 45 1.000000 1280]
[v: 5 23 46 1.000000 1280]
[v: 5 23 47 1.000000 1280]
[v: 5 23 48 1.000000 1280]
[v: 5 23 49 1.000000 1280]
[v: 6 23  1 1.000000 1280]
[v: 6 23  2 1.000000 1280]
[v: 6 23  3 1.000000 1280]
[v: 6 23  4 1.000000 1280]
[v: 6 23  5 1.000000 1280]
[v: 6 23  6 1.000000 1280]
[v: 6 23  7 1.000000 1280]
[v: 6 23  8 1.000000 1280]
[v: 6 23  9 1.000000 1280]
[v: 6 23 10 1.000000 1280]
[v: 6 23 11 1.000000 1280]
[v: 6 23 12 1.000000 1280]
[v: 6 23 13 1.000000 1280]
[v: 6 23 14 1.000000 1280]
[v: 6 23 15 1.000000 1280]
[v: 6 23 16 1.000000 1280]
[v: 6 23 17 1.000000 1280]
[v: 6 23 18 1.000000 1280]
[v: 6 23 19 1.000000 1280]
[v: 6 23 20 1.000000 1280]
[v: 6 23 21 1.000000 1280]
[v: 6 23 22 1.000000 1280]
[v: 6 23 23 1.000000 1280]
[v: 6 23 24 1.000000 1280]
[v: 6 23 25 1.000000 1280]
[v: 6 23 26 1.000000 1280]
[v: 6 23 27 1.000000 1280]
[v: 6 23 28 1.000000 1280]
[v: 6 23 29 1.000000 1280]
[v: 6 23 30 1.000000 1280]
[v: 6 23 31 1.000000 1280]
[v: 6 23 32 1.000000 1280]
[v: 6 23 33 1.000000 1280]
[v: 6 23 34 1.000000 1280]
[v: 6 23 35 1.000000 1280]
[v: 6 23 36 1.000000 1280]
[v: 6 23 37 1.000000 1280]
[v: 6 23 38 1.000000 1280]
[v: 6 23 39 1.000000 1280]
[v: 6 23 40 1.000000 1280]
[v: 6 23 41 1.000000 1280]
[v: 6 23 42 1.000000 1280]
[v: 6 23 43 1.000000 1280]
[v: 6 23 44 1.000000 1280]
[v: 6 23 45 1.000000 1280]
[v: 6 23 46 1.000000 1280]
[v: 6 23 47 1.000000 1280]
[v: 6 23 48 1.000000 1280]
[v: 6 23 49 1.000000 1280]
[v: 7 23  1 1.000000 1280]
[v: 7 23  2 1.000000 1280]
[v: 7 23  3 1.000000 1280]
[v: 7 23  4 1.000000 1280]
[v: 7 23  5 1.000000 1280]
[v: 7 23  6 1.000000 1280]
[v: 7 23  7 1.000000 1280]
[v: 7 23  8 1.000000 1280]
[v: 7 23  9 1.000000 1280]
[v: 7 23 10 1.000000 1280]
[v: 7 23 11 1.000000 1280]
[v: 7 23 12 1.000000 1280]
[v: 7 23 13 1.000000 1280]
[v: 7 23 14 1.000000 1280]
[v: 7 23 15 1.000000 1280]
[v: 7 23 16 1.000000 1280]
[v: 7 23 17 1.000000 1280]
[v: 7 23 18 1.000000 1280]
[v: 7 23 19 1.000000 1280]
[v: 7 23 20 1.000000 1280]
[v: 7 23 21 1.000000 1280]
[v: 7 23 22 1.000000 1280]
[v: 7 23 23 1.000000 1280]
[v: 7 23 24 1.000000 1280]
[v: 7 23 25 1.000000 1280]
[v: 7 23 26 1.000000 1280]
[v: 7 23 27 1.000000 1280]
[v: 7 23 28 1.000000 1280]
[v: 7 23 29 1.000000 1280]
[v: 7 23 30 1.000000 1280]
[v: 7 23 31 1.000000 1280]
[v: 7 23 32 1.000000 1280]
[v: 7 23 33 1.000000 1280]
[v: 7 23 34 1.000000 1280]
[v: 7 23 35 1.000000 1280]
[v: 7 23 36 1.000000 1280]
[v: 7 23 37 1.000000 1280]
[v: 7 23 38 1.000000 1280]
[v: 7 23 39 1.000000 1280]
[v: 7 23 40 1.000000 1280]
[v: 7 23 41 1.000000 1280]
[v: 7 23 42 1.000000 1280]
[v: 7 23 43 1.000000 1280]
[v: 7 23 44 1.000000 1280]
[v: 7 23 45 1.000000 1280]
[v: 7 23 46 1.000000 1280]
[v: 7 23 47 1.000000 1280]
[v: 7 23 48 1.000000 1280]
[v: 7 23 49 1.000000 1280]
[v: 8 23  1 1.000000 1280]
[v: 8 23  2 1.000000 1280]
[v: 8 23  3 1.000000 1280]
[v: 8 23  4 1.000000 1280]
[v: 8 23  5 1.000000 1280]
[v: 8 23  6 1.000000 1280]
[v: 8 23  7 1.000000 1280]
[v: 8 23  8 1.000000 1280]
[v: 8 23  9 1.000000 1280]
[v: 8 23 10 1.000000 1280]
[v: 8 23 11 1.000000 1280]
[v: 8 23 12 1.000000 1280]
[v: 8 23 13 1.000000 1280]
[v: 8 23 14 1.000000 1280]
[v: 8 23 15 1.000000 1280]
[v: 8 23 16 1.000000 1280]
[v: 8 23 17 1.000000 1280]
[v: 8 23 18 1.000000 1280]
[v: 8 23 19 1.000000 1280]
[v: 8 23 20 1.000000 1280]
[v: 8 23 21 1.000000 1280]
[v: 8 23 22 1.000000 1280]
[v: 8 23 23 1.000000 1280]
[v: 8 23 24 1.000000 1280]
[v: 8 23 25 1.000000 1280]
[v: 8 23 26 1.000000 1280]
[v: 8 23 27 1.000000 1280]
[v: 8 23 28 1.000000 1280]
[v: 8 23 29 1.000000 1280]
[v: 8 23 30 1.000000 1280]
[v: 8 23 31 1.000000 1280]
[v: 8 23 32 1.000000 1280]
[v: 8 23 33 1.000000 1280]
[v: 8 23 34 1.000000 1280]
[v: 8 23 35 1.000000 1280]
[v: 8 23 36 1.000000 1280]
[v: 8 23 37 1.000000 1280]
[v: 8 23 38 1.000000 1280]
[v: 8 23 39 1.000000 1280]
[v: 8 23 40 1.000000 1280]
[v: 8 23 41 1.000000 1280]
[v: 8 23 42 1.000000 1280]
[v: 8 23 43 1.000000 1280]
[v: 8 23 44 1.000000 1280]
[v: 8 23 45 1.000000 1280]
[v: 8 23 46 1.000000 1280]
[v: 8 23 47 1.000000 1280]
[v: 8 23 48 1.000000 1280]
[v: 8 23 49 1.000000 1280]
[v: 9 23  1 1.000000 1280]
[v: 9 23  2 1.000000 1280]
[v: 9 23  3 1.000000 1280]
[v: 9 23  4 1.000000 1280]
[v: 9 23  5 1.000000 1280]
[v: 9 23  6 1.000000 1280]
[v: 9 23  7 1.000000 1280]
[v: 9 23  8 1.000000 1280]
[v: 9 23  9 1.000000 1280]
[v: 9 23 10 1.000000 1280]
[v: 9 23 11 1.000000 1280]
[v: 9 23 12 1.000000 1280]
[v: 9 23 13 1.000000 1280]
[v: 9 23 14 1.000000 1280]
[v: 9 23 15 1.000000 1280]
[v: 9 23 16 1.000000 1280]
[v: 9 23 17 1.000000 1280]
[v: 9 23 18 1.000000 1280]
[v: 9 23 19 1.000000 1280]
[v: 9 23 20 1.000000 1280]
[v: 9 23 21 1.000000 1280]
[v: 9 23 22 1.000000 1280]
[v: 9 23 23 1.000000 1280]
[v: 9 23 24 1.000000 1280]
[v: 9 23 25 1.000000 1280]
[v: 9 23 26 1.000000 1280]
[v: 9 23 27 1.000000 1280]
[v: 9 23 28 1.000000 1280]
[v: 9 23 29 1.000000 1280]
[v: 9 23 30 1.000000 1280]
[v: 9 23 31 1.000000 1280]
[v: 9 23 32 1.000000 1280]
[v: 9 23 33 1.000000 1280]
[v: 9 23 34 1.000000 1280]
[v: 9 23 35 1.000000 1280]
[v: 9 23 36 1.000000 1280]
[v: 9 23 37 1.000000 1280]
[v: 9 23 38 1.000000 1280]
[v: 9 23 39 1.000000 1280]
[v: 9 23 40 1.000000 1280]
[v: 9 23 41 1.000000 1280]
[v: 9 23 42 1.000000 1280]
[v: 9 23 43 1.000000 1280]
[v: 9 23 44 1.000000 1280]
[v: 9 23 45 1.000000 1280]
[v: 9 23 46 1.000000 1280]
[v: 9 23 47 1.000000 1280]
[v: 9 23 48 1.000000 1280]
[v: 9 23 49 1.000000 1280]
[v:10 23  1 1.000000 1280]
[v:10 23  2 1.000000 1280]
[v:10 23  3 1.000000 1280]
[v:10 23  4 1.000000 1280]
[v:10 23  5 1.000000 1280]
[v:10 23  6 1.000000 1280]
[v:10 23  7 1.000000 1280]
[v:10 23  8 1.000000 1280]
[v:10 23  9 1.000000 1280]
[v:10 23 10 1.000000 1280]
[v:10 23 11 1.000000 1280]
[v:10 23 12 1.000000 1280]
[v:10 23 13 1.000000 1280]
[v:10 23 14 1.000000 1280]
[v:10 23 15 1.000000 1280]
[v:10 23 16 1.000000 1280]
[v:10 23 17 1.000000 1280]
[v:10 23 18 1.000000 1280]
[v:10 23 19 1.000000 1280]
[v:10 23 20 1.000000 1280]
[v:10 23 21 1.000000 1280]
[v:10 23 22 1.000000 1280]
[v:10 23 23 1.000000 1280]
[v:10 23 24 1.000000 1280]
[v:10 23 25 1.000000 1280]
[v:10 23 26 1.000000 1280]
[v:10 23 27 1.000000 1280]
[v:10 23 28 1.000000 1280]
[v:10 23 29 1.000000 1280]
[v:10 23 30 1.000000 1280]
[v:10 23 31 1.000000 1280]
[v:10 23 32 1.000000 1280]
[v:10 23 33 1.000000 1280]
[v:10 23 34 1.000000 1280]
[v:10 23 35 1.000000 1280]
[v:10 23 36 1.000000 1280]
[v:10 23 37 1.000000 1280]
[v:10 23 38 1.000000 1280]
[v:10 23 39 1.000000 1280]
[v:10 23 40 1.000000 1280]
[v:10 23 41 1.000000 1280]
[v:10 23 42 1.000000 1280]
[v:10 23 43 1.000000 1280]
[v:10 23 44 1.000000 1280]
[v:10 23 45 1.000000 1280]
[v:10 23 46 1.000000 1280]
[v:10 23 47 1.000000 1280]
[v:10 23 48 1.000000 1280]
[v:10 23 49 1.000000 1280]
[v:11 23  1 1.000000 1280]
[v:11 23  2 1.000000 1280]
[v:11 23  3 1.000000 1280]
[v:11 23  4 1.000000 1280]
[v:11 23  5 1.000000 1280]
[v:11 23  6 1.000000 1280]
[v:11 23  7 1.000000 1280]
[v:11 23  8 1.000000 1280]
[v:11 23  9 1.000000 1280]
[v:11 23 10 1.000000 1280]
[v:11 23 11 1.000000 1280]
[v:11 23 12 1.000000 1280]
[v:11 23 13 1.000000 1280]
[v:11 23 14 1.000000 1280]
[v:11 23 15 1.000000 1280]
[v:11 23 16 1.000000 1280]
[v:11 23 17 1.000000 1280]
[v:11 23 18 1.000000 1280]
[v:11 23 19 1.000000 1280]
[v:11 23 20 1.000000 1280]
[v:11 23 21 1.000000 1280]
[v:11 23 22 1.000000 1280]
[v:11 23 23 1.000000 1280]
[v:11 23 24 1.000000 1280]
[v:11 23 25 1.000000 1280]
[v:11 23 26 1.000000 1280]
[v:11 23 27 1.000000 1280]
[v:11 23 28 1.000000 1280]
[v:11 23 29 1.000000 1280]
[v:11 23 30 1.000000 1280]
[v:11 23 31 1.000000 1280]
[v:11 23 32 1.000000 1280]
[v:11 23 33 1.000000 1280]
[v:11 23 34 1.000000 1280]
[v:11 23 35 1.000000 1280]
[v:11 23 36 1.000000 1280]
[v:11 23 37 1.000000 1280]
[v:11 23 38 1.000000 1280]
[v:11 23 39 1.000000 1280]
[v:11 23 40 1.000000 1280]
[v:11 23 41 1.000000 1280]
[v:11 23 42 1.000000 1280]
[v:11 23 43 1.000000 1280]
[v:11 23 44 1.000000 1280]
[v:11 23 45 1.000000 1280]
[v:11 23 46 1.000000 1280]
[v:11 23 47 1.000000 1280]
[v:11 23 48 1.000000 1280]
[v:11 23 49 1.000000 1280]
[v:12 23  1 1.000000 1280]
[v:12 23  2 1.000000 1280]
[v:12 23  3 1.000000 1280]
[v:12 23  4 1.000000 1280]
[v:12 23  5 1.000000 1280]
[v:12 23  6 1.000000 1280]
[v:12 23  7 1.000000 1280]
[v:12 23  8 1.000000 1280]
[v:12 23  9 1.000000 1280]
[v:12 23 10 1.000000 1280]
[v:12 23 11 1.000000 1280]
[v:12 23 12 1.000000 1280]
[v:12 23 13 1.000000 1280]
[v:12 23 14 1.000000 1280]
[v:12 23 15 1.000000 1280]
[v:12 23 16 1.000000 1280]
[v:12 23 17 1.000000 1280]
[v:12 23 18 1.000000 1280]
[v:12 23 19 1.000000 1280]
[v:12 23 20 1.000000 1280]
[v:12 23 21 1.000000 1280]
[v:12 23 22 1.000000 1280]
[v:12 23 23 1.000000 1280]
[v:12 23 24 1.000000 1280]
[v:12 23 25 1.000000 1280]
[v:12 23 26 1.000000 1280]
[v:12 23 27 1.000000 1280]
[v:12 23 28 1.000000 1280]
[v:12 23 29 1.000000 1280]
[v:12 23 30 1.000000 1280]
[v:12 23 31 1.000000 1280]
[v:12 23 32 1.000000 1280]
[v:12 23 33 1.000000 1280]
[v:12 23 34 1.000000 1280]
[v:12 23 35 1.000000 1280]
[v:12 23 36 1.000000 1280]
[v:12 23 37 1.000000 1280]
[v:12 23 38 1.000000 1280]
[v:12 23 39 1.000000 1280]
[v:12 23 40 1.000000 1280]
[v:12 23 41 1.000000 1280]
[v:12 23 42 1.000000 1280]
[v:12 23 43 1.000000 1280]
[v:12 23 44 1.000000 1280]
[v:12 23 45 1.000000 1280]
[v:12 23 46 1.000000 1280]
[v:12 23 47 1.000000 1280]
[v:12 23 48 1.000000 1280]
[v:12 23 49 1.000000 1280]
[v:13 23  1 1.000000 1280]
[v:13 23  2 1.000000 1280]
[v:13 23  3 1.000000 1280]
[v:13 23  4 1.000000 1280]
[v:13 23  5 1.000000 1280]
[v:13 23  6 1.000000 1280]
[v:13 23  7 1.000000 1280]
[v:13 23  8 1.000000 1280]
[v:13 23  9 1.000000 1280]
[v:13 23 10 1.000000 1280]
[v:13 23 11 1.000000 1280]
[v:13 23 12 1.000000 1280]
[v:13 23 13 1.000000 1280]
[v:13 23 14 1.000000 1280]
[v:13 23 15 1.000000 1280]
[v:13 23 16 1.000000 1280]
[v:13 23 17 1.000000 1280]
[v:13 23 18 1.000000 1280]
[v:13 23 19 1.000000 1280]
[v:13 23 20 1.000000 1280]
[v:13 23 21 1.000000 1280]
[v:13 23 22 1.000000 1280]
[v:13 23 23 1.000000 1280]
[v:13 23 24 1.000000 1280]
[v:13 23 25 1.000000 1280]
[v:13 23 26 1.000000 1280]
[v:13 23 27 1.000000 1280]
[v:13 23 28 1.000000 1280]
[v:13 23 29 1.000000 1280]
[v:13 23 30 1.000000 1280]
[v:13 23 31 1.000000 1280]
[v:13 23 32 1.000000 1280]
[v:13 23 33 1.000000 1280]
[v:13 23 34 1.000000 1280]
[v:13 23 35 1.000000 1280]
[v:13 23 36 1.000000 1280]
[v:13 23 37 1.000000 1280]
[v:13 23 38 1.000000 1280]
[v:13 23 39 1.000000 1280]
[v:13 23 40 1.000000 1280]
[v:13 23 41 1.000000 1280]
[v:13 23 42 1.000000 1280]
[v:13 23 43 1.000000 1280]
[v:13 23 44 1.000000 1280]
[v:13 23 45 1.000000 1280]
[v:13 23 46 1.000000 1280]
[v:13 23 47 1.000000 1280]
[v:13 23 48 1.000000 1280]
[v:13 23 49 1.000000 1280]
[v:14 23  1 1.000000 1280]
[v:14 23  2 1.000000 1280]
[v:14 23  3 1.000000 1280]
[v:14 23  4 1.000000 1280]
[v:14 23  5 1.000000 1280]
[v:14 23  6 1.000000 1280]
[v:14 23  7 1.000000 1280]
[v:14 23  8 1.000000 1280]
[v:14 23  9 1.000000 1280]
[v:14 23 10 1.000000 1280]
[v:14 23 11 1.000000 1280]
[v:14 23 12 1.000000 1280]
[v:14 23 13 1.000000 1280]
[v:14 23 14 1.000000 1280]
[v:14 23 15 1.000000 1280]
[v:14 23 16 1.000000 1280]
[v:14 23 17 1.000000 1280]
[v:14 23 18 1.000000 1280]
[v:14 23 19 1.000000 1280]
[v:14 23 20 1.000000 1280]
[v:14 23 21 1.000000 1280]
[v:14 23 22 1.000000 1280]
[v:14 23 23 1.000000 1280]
[v:14 23 24 1.000000 1280]
[v:14 23 25 1.000000 1280]
[v:14 23 26 1.000000 1280]
[v:14 23 27 1.000000 1280]
[v:14 23 28 1.000000 1280]
[v:14 23 29 1.000000 1280]
[v:14 23 30 1.000000 1280]
[v:14 23 31 1.000000 1280]
[v:14 23 32 1.000000 1280]
[v:14 23 33 1.000000 1280]
[v:14 23 34 1.000000 1280]
[v:14 23 35 1.000000 1280]
[v:14 23 36 1.000000 1280]
[v:14 23 37 1.000000 1280]
[v:14 23 38 1.000000 1280]
[v:14 23 39 1.000000 1280]
[v:14 23 40 1.000000 1280]
[v:14 23 41 1.000000 1280]
[v:14 23 42 1.000000 1280]
[v:14 23 43 1.000000 1280]
[v:14 23 44 1.000000 1280]
[v:14 23 45 1.000000 1280]
[v:14 23 46 1.000000 1280]
[v:14 23 47 1.000000 1280]
[v:14 23 48 1.000000 1280]
[v:14 23 49 1.000000 1280]
[v:15 23  1 1.000000 1280]
[v:15 23  2 1.000000 1280]
[v:15 23  3 1.000000 1280]
[v:15 23  4 1.000000 1280]
[v:15 23  5 1.000000 1280]
[v:15 23  6 1.000000 1280]
[v:15 23  7 1.000000 1280]
[v:15 23  8 1.000000 1280]
[v:15 23  9 1.000000 1280]
[v:15 23 10 1.000000 1280]
[v:15 23 11 1.000000 1280]
[v:15 23 12 1.000000 1280]
[v:15 23 13 1.000000 1280]
[v:15 23 14 1.000000 1280]
[v:15 23 15 1.000000 1280]
[v:15 23 16 1.000000 1280]
[v:15 23 17 1.000000 1280]
[v:15 23 18 1.000000 1280]
[v:15 23 19 1.000000 1280]
[v:15 23 20 1.000000 1280]
[v:15 23 21 1.000000 1280]
[v:15 23 22 1.000000 1280]
[v:15 23 23 1.000000 1280]
[v:15 23 24 1.000000 1280]
[v:15 23 25 1.000000 1280]
[v:15 23 26 1.000000 1280]
[v:15 23 27 1.000000 1280]
[v:15 23 28 1.000000 1280]
[v:15 23 29 1.000000 1280]
[v:15 23 30 1.000000 1280]
[v:15 23 31 1.000000 1280]
[v:15 23 32 1.000000 1280]
[v:15 23 33 1.000000 1280]
[v:15 23 34 1.000000 1280]
[v:15 23 35 1.000000 1280]
[v:15 23 36 1.000000 1280]
[v:15 23 37 1.000000 1280]
[v:15 23 38 1.000000 1280]
[v:15 23 39 1.000000 1280]
[v:15 23 40 1.000000 1280]
[v:15 23 41 1.000000 1280]
[v:15 23 42 1.000000 1280]
[v:15 23 43 1.000000 1280]
[v:15 23 44 1.000000 1280]
[v:15 23 45 1.000000 1280]
[v:15 23 46 1.000000 1280]
[v:15 23 47 1.000000 1280]
[v:15 23 48 1.000000 1280]
[v:15 23 49 1.000000 1280]
[v:16 23  1 1.000000 1280]
[v:16 23  2 1.000000 1280]
[v:16 23  3 1.000000 1280]
[v:16 23  4 1.000000 1280]
[v:16 23  5 1.000000 1280]
[v:16 23  6 1.000000 1280]
[v:16 23  7 1.000000 1280]
[v:16 23  8 1.000000 1280]
[v:16 23  9 1.000000 1280]
[v:16 23 10 1.000000 1280]
[v:16 23 11 1.000000 1280]
[v:16 23 12 1.000000 1280]
[v:16 23 13 1.000000 1280]
[v:16 23 14 1.000000 1280]
[v:16 23 15 1.000000 1280]
[v:16 23 16 1.000000 1280]
[v:16 23 17 1.000000 1280]
[v:16 23 18 1.000000 1280]
[v:16 23 19 1.000000 1280]
[v:16 23 20 1.000000 1280]
[v:16 23 21 1.000000 1280]
[v:16 23 22 1.000000 1280]
[v:16 23 23 1.000000 1280]
[v:16 23 24 1.000000 1280]
[v:16 23 25 1.000000 1280]
[v:16 23 26 1.000000 1280]
[v:16 23 27 1.000000 1280]
[v:16 23 28 1.000000 1280]
[v:16 23 29 1.000000 1280]
[v:16 23 30 1.000000 1280]
[v:16 23 31 1.000000 1280]
[v:16 23 32 1.000000 1280]
[v:16 23 33 1.000000 1280]
[v:16 23 34 1.000000 1280]
[v:16 23 35 1.000000 1280]
[v:16 23 36 1.000000 1280]
[v:16 23 37 1.000000 1280]
[v:16 23 38 1.000000 1280]
[v:16 23 39 1.000000 1280]
[v:16 23 40 1.000000 1280]
[v:16 23 41 1.000000 1280]
[v:16 23 42 1.000000 1280]
[v:16 23 43 1.000000 1280]
[v:16 23 44 1.000000 1280]
[v:16 23 45 1.000000 1280]
[v:16 23 46 1.000000 1280]
[v:16 23 47 1.000000 1280]
[v:16 23 48 1.000000 1280]
[v:16 23 49 1.000000 1280]
[v:17 23  1 1.000000 1280]
[v:17 23  2 1.000000 1280]
[v:17 23  3 1.000000 1280]
[v:17 23  4 1.000000 1280]
[v:17 23  5 1.000000 1280]
[v:17 23  6 1.000000 1280]
[v:17 23  7 1.000000 1280]
[v:17 23  8 1.000000 1280]
[v:17 23  9 1.000000 1280]
[v:17 23 10 1.000000 1280]
[v:17 23 11 1.000000 1280]
[v:17 23 12 1.000000 1280]
[v:17 23 13 1.000000 1280]
[v:17 23 14 1.000000 1280]
[v:17 23 15 1.000000 1280]
[v:17 23 16 1.000000 1280]
[v:17 23 17 1.000000 1280]
[v:17 23 18 1.000000 1280]
[v:17 23 19 1.000000 1280]
[v:17 23 20 1.000000 1280]
[v:17 23 21 1.000000 1280]
[v:17 23 22 1.000000 1280]
[v:17 23 23 1.000000 1280]
[v:17 23 24 1.000000 1280]
[v:17 23 25 1.000000 1280]
[v:17 23 26 1.000000 1280]
[v:17 23 27 1.000000 1280]
[v:17 23 28 1.000000 1280]
[v:17 23 29 1.000000 1280]
[v:17 23 30 1.000000 1280]
[v:17 23 31 1.000000 1280]
[v:17 23 32 1.000000 1280]
[v:17 23 33 1.000000 1280]
[v:17 23 34 1.000000 1280]
[v:17 23 35 1.000000 1280]
[v:17 23 36 1.000000 1280]
[v:17 23 37 1.000000 1280]
[v:17 23 38 1.000000 1280]
[v:17 23 39 1.000000 1280]
[v:17 23 40 1.000000 1280]
[v:17 23 41 1.000000 1280]
[v:17 23 42 1.000000 1280]
[v:17 23 43 1.000000 1280]
[v:17 23 44 1.000000 1280]
[v:17 23 45 1.000000 1280]
[v:17 23 46 1.000000 1280]
[v:17 23 47 1.000000 1280]
[v:17 23 48 1.000000 1280]
[v:17 23 49 1.000000 1280]
[v:18 23  1 1.000000 1280]
[v:18 23  2 1.000000 1280]
[v:18 23  3 1.000000 1280]
[v:18 23  4 1.000000 1280]
[v:18 23  5 1.000000 1280]
[v:18 23  6 1.000000 1280]
[v:18 23  7 1.000000 1280]
[v:18 23  8 1.000000 1280]
[v:18 23  9 1.000000 1280]
[v:18 23 10 1.000000 1280]
[v:18 23 11 1.000000 1280]
[v:18 23 12 1.000000 1280]
[v:18 23 13 1.000000 1280]
[v:18 23 14 1.000000 1280]
[v:18 23 15 1.000000 1280]
[v:18 23 16 1.000000 1280]
[v:18 23 17 1.000000 1280]
[v:18 23 18 1.000000 1280]
[v:18 23 19 1.000000 1280]
[v:18 23 20 1.000000 1280]
[v:18 23 21 1.000000 1280]
[v:18 23 22 1.000000 1280]
[v:18 23 23 1.000000 1280]
[v:18 23 24 1.000000 1280]
[v:18 23 25 1.000000 1280]
[v:18 23 26 1.000000 1280]
[v:18 23 27 1.000000 1280]
[v:18 23 28 1.000000 1280]
[v:18 23 29 1.000000 1280]
[v:18 23 30 1.000000 1280]
[v:18 23 31 1.000000 1280]
[v:18 23 32 1.000000 1280]
[v:18 23 33 1.000000 1280]
[v:18 23 34 1.000000 1280]
[v:18 23 35 1.000000 1280]
[v:18 23 36 1.000000 1280]
[v:18 23 37 1.000000 1280]
[v:18 23 38 1.000000 1280]
[v:18 23 39 1.000000 1280]
[v:18 23 40 1.000000 1280]
[v:18 23 41 1.000000 1280]
[v:18 23 42 1.000000 1280]
[v:18 23 43 1.000000 1280]
[v:18 23 44 1.000000 1280]
[v:18 23 45 1.000000 1280]
[v:18 23 46 1.000000 1280]
[v:18 23 47 1.000000 1280]
[v:18 23 48 1.000000 1280]
[v:18 23 49 1.000000 1280]
[v:19 23  1 1.000000 1280]
[v:19 23  2 1.000000 1280]
[v:19 23  3 1.000000 1280]
[v:19 23  4 1.000000 1280]
[v:19 23  5 1.000000 1280]
[v:19 23  6 1.000000 1280]
[v:19 23  7 1.000000 1280]
[v:19 23  8 1.000000 1280]
[v:19 23  9 1.000000 1280]
[v:19 23 10 1.000000 1280]
[v:19 23 11 1.000000 1280]
[v:19 23 12 1.000000 1280]
[v:19 23 13 1.000000 1280]
[v:19 23 14 1.000000 1280]
[v:19 23 15 1.000000 1280]
[v:19 23 16 1.000000 1280]
[v:19 23 17 1.000000 1280]
[v:19 23 18 1.000000 1280]
[v:19 23 19 1.000000 1280]
[v:19 23 20 1.000000 1280]
[v:19 23 21 1.000000 1280]
[v:19 23 22 1.000000 1280]
[v:19 23 23 1.000000 1280]
[v:19 23 24 1.000000 1280]
[v:19 23 25 1.000000 1280]
[v:19 23 26 1.000000 1280]
[v:19 23 27 1.000000 1280]
[v:19 23 28 1.000000 1280]
[v:19 23 29 1.000000 1280]
[v:19 23 30 1.000000 1280]
[v:19 23 31 1.000000 1280]
[v:19 23 32 1.000000 1280]
[v:19 23 33 1.000000 1280]
[v:19 23 34 1.000000 1280]
[v:19 23 35 1.000000 1280]
[v:19 23 36 1.000000 1280]
[v:19 23 37 1.000000 1280]
[v:19 23 38 1.000000 1280]
[v:19 23 39 1.000000 1280]
[v:19 23 40 1.000000 1280]
[v:19 23 41 1.000000 1280]
[v:19 23 42 1.000000 1280]
[v:19 23 43 1.000000 1280]
[v:19 23 44 1.000000 1280]
[v:19 23 45 1.000000 1280]
[v:19 23 46 1.000000 1280]
[v:19 23 47 1.000000 1280]
[v:19 23 48 1.000000 1280]
[v:19 23 49 1.000000 1280]
[v:20 23  1 1.000000 1280]
[v:20 23  2 1.000000 1280]
[v:20 23  3 1.000000 1280]
[v:20 23  4 1.000000 1280]
[v:20 23  5 1.000000 1280]
[v:20 23  6 1.000000 1280]
[v:20 23  7 1.000000 1280]
[v:20 23  8 1.000000 1280]
[v:20 23  9 1.000000 1280]
[v:20 23 10 1.000000 1280]
[v:20 23 11 1.000000 1280]
[v:20 23 12 1.000000 1280]
[v:20 23 13 1.000000 1280]
[v:20 23 14 1.000000 1280]
[v:20 23 15 1.000000 1280]
[v:20 23 16 1.000000 1280]
[v:20 23 17 1.000000 1280]
[v:20 23 18 1.000000 1280]
[v:20 23 19 1.000000 1280]
[v:20 23 20 1.000000 1280]
[v:20 23 21 1.000000 1280]
[v:20 23 22 1.000000 1280]
[v:20 23 23 1.000000 1280]
[v:20 23 24 1.000000 1280]
[v:20 23 25 1.000000 1280]
[v:20 23 26 1.000000 1280]
[v:20 23 27 1.000000 1280]
[v:20 23 28 1.000000 1280]
[v:20 23 29 1.000000 1280]
[v:20 23 30 1.000000 1280]
[v:20 23 31 1.000000 1280]
[v:20 23 32 1.000000 1280]
[v:20 23 33 1.000000 1280]
[v:20 23 34 1.000000 1280]
[v:20 23 35 1.000000 1280]
[v:20 23 36 1.000000 1280]
[v:20 23 37 1.000000 1280]
[v:20 23 38 1.000000 1280]
[v:20 23 39 1.000000 1280]
[v:20 23 40 1.000000 1280]
[v:20 23 41 1.000000 1280]
[v:20 23 42 1.000000 1280]
[v:20 23 43 1.000000 1280]
[v:20 23 44 1.000000 1280]
[v:20 23 45 1.000000 1280]
[v:20 23 46 1.000000 1280]
[v:20 23 47 1.000000 1280]
[v:20 23 48 1.000000 1280]
[v:20 23 49 1.000000 1280]
[v:21 23  1 1.000000 1280]
[v:21 23  2 1.000000 1280]
[v:21 23  3 1.000000 1280]
[v:21 23  4 1.000000 1280]
[v:21 23  5 1.000000 1280]
[v:21 23  6 1.000000 1280]
[v:21 23  7 1.000000 1280]
[v:21 23  8 1.000000 1280]
[v:21 23  9 1.000000 1280]
[v:21 23 10 1.000000 1280]
[v:21 23 11 1.000000 1280]
[v:21 23 12 1.000000 1280]
[v:21 23 13 1.000000 1280]
[v:21 23 14 1.000000 1280]
[v:21 23 15 1.000000 1280]
[v:21 23 16 1.000000 1280]
[v:21 23 17 1.000000 1280]
[v:21 23 18 1.000000 1280]
[v:21 23 19 1.000000 1280]
[v:21 23 20 1.000000 1280]
[v:21 23 21 1.000000 1280]
[v:21 23 22 1.000000 1280]
[v:21 23 23 1.000000 1280]
[v:21 23 24 1.000000 1280]
[v:21 23 25 1.000000 1280]
[v:21 23 26 1.000000 1280]
[v:21 23 27 1.000000 1280]
[v:21 23 28 1.000000 1280]
[v:21 23 29 1.000000 1280]
[v:21 23 30 1.000000 1280]
[v:21 23 31 1.000000 1280]
[v:21 23 32 1.000000 1280]
[v:21 23 33 1.000000 1280]
[v:21 23 34 1.000000 1280]
[v:21 23 35 1.000000 1280]
[v:21 23 36 1.000000 1280]
[v:21 23 37 1.000000 1280]
[v:21 23 38 1.000000 1280]
[v:21 23 39 1.000000 1280]
[v:21 23 40 1.000000 1280]
[v:21 23 41 1.000000 1280]
[v:21 23 42 1.000000 1280]
[v:21 23 43 1.000000 1280]
[v:21 23 44 1.000000 1280]
[v:21 23 45 1.000000 1280]
[v:21 23 46 1.000000 1280]
[v:21 23 47 1.000000 1280]
[v:21 23 48 1.000000 1280]
[v:21 23 49 1.000000 836]
[v:22 23  1 1.000000 1280]
[v:22 23  2 1.000000 1280]
[v:22 23  3 1.000000 1280]
[v:22 23  4 1.000000 1280]
[v:22 23  5 1.000000 1280]
[v:22 23  6 1.000000 1280]
[v:22 23  7 1.000000 1280]
[v:22 23  8 1.000000 1280]
[v:22 23  9 1.000000 1280]
[v:22 23 10 1.000000 1280]
[v:22 23 11 1.000000 1280]
[v:22 23 12 1.000000 1280]
[v:22 23 13 1.000000 1280]
[v:22 23 14 1.000000 1280]
[v:22 23 15 1.000000 1280]
[v:22 23 16 1.000000 1280]
[v:22 23 17 1.000000 1280]
[v:22 23 18 1.000000 1280]
[v:22 23 19 1.000000 1280]
[v:22 23 20 1.000000 1280]
[v:22 23 21 1.000000 1280]
[v:22 23 22 1.000000 1280]
[v:22 23 23 1.000000 1280]
[v:22 23 24 1.000000 1280]
[v:22 23 25 1.000000 1280]
[v:22 23 26 1.000000 1280]
[v:22 23 27 1.000000 1280]
[v:22 23 28 1.000000 1280]
[v:22 23 29 1.000000 1280]
[v:22 23 30 1.000000 1280]
[v:22 23 31 1.000000 1280]
[v:22 23 32 1.000000 1280]
[v:22 23 33 1.000000 1280]
[v:22 23 34 1.000000 1280]
[v:22 23 35 1.000000 1280]
[v:22 23 36 1.000000 1280]
[v:22 23 37 1.000000 1280]
[v:22 23 38 1.000000 1280]
[v:22 23 39 1.000000 1280]
[v:22 23 40 1.000000 1280]
[v:22 23 41 1.000000 1280]
[v:22 23 42 1.000000 1280]
[v:22 23 43 1.000000 1280]
[v:22 23 44 1.000000 1280]
[v:22 23 45 1.000000 1280]
[v:22 23 46 1.000000 1280]
[v:22 23 47 1.000000 1280]
[v:22 23 48 1.000000 836]
[v:22 23 49 1.000000 836]
[v:23 23  1 1.000000 1280]
[v:23 23  2 1.000000 1280]
[v:23 23  3 1.000000 1280]
[v:23 23  4 1.000000 1280]
[v:23 23  5 1.000000 1280]
[v:23 23  6 1.000000 1280]
[v:23 23  7 1.000000 1280]
[v:23 23  8 1.000000 1280]
[v:23 23  9 1.000000 1280]
[v:23 23 10 1.000000 1280]
[v:23 23 11 1.000000 1280]
[v:23 23 12 1.000000 1280]
[v:23 23 13 1.000000 1280]
[v:23 23 14 1.000000 1280]
[v:23 23 15 1.000000 1280]
[v:23 23 16 1.000000 1280]
[v:23 23 17 1.000000 1280]
[v:23 23 18 1.000000 1280]
[v:23 23 19 1.000000 1280]
[v:23 23 20 1.000000 1280]
[v:23 23 21 1.000000 1280]
[v:23 23 22 1.000000 1280]
[v:23 23 23 1.000000 1280]
[v:23 23 24 1.000000 1280]
[v:23 23 25 1.000000 1280]
[v:23 23 26 1.000000 1280]
[v:23 23 27 1.000000 1280]
[v:23 23 28 1.000000 1280]
[v:23 23 29 1.000000 1280]
[v:23 23 30 1.000000 1280]
[v:23 23 31 1.000000 1280]
[v:23 23 32 1.000000 1280]
[v:23 23 33 1.000000 1280]
[v:23 23 34 1.000000 1280]
[v:23 23 35 1.000000 1280]
[v:23 23 36 1.000000 1280]
[v:23 23 37 1.000000 1280]
[v:23 23 38 1.000000 1280]
[v:23 23 39 1.000000 1280]
[v:23 23 40 1.000000 1280]
[v:23 23 41 1.000000 1280]
[v:23 23 42 1.000000 1280]
[v:23 23 43 1.000000 1280]
[v:23 23 44 1.000000 1280]
[v:23 23 45 1.000000 1280]
[v:23 23 46 1.000000 836]
[v:23 23 47 1.000000 836]
[v:23 23 48 1.000000 836]
[v:23 23 49 1.000000 836]
[v:24 23  1 1.000000 1280]
[v:24 23  2 1.000000 1280]
[v:24 23  3 1.000000 1280]
[v:24 23  4 1.000000 1280]
[v:24 23  5 1.000000 1280]
[v:24 23  6 1.000000 1280]
[v:24 23  7 1.000000 1280]
[v:24 23  8 1.000000 1280]
[v:24 23  9 1.000000 1280]
[v:24 23 10 1.000000 1280]
[v:24 23 11 1.000000 1280]
[v:24 23 12 1.000000 1280]
[v:24 23 13 1.000000 1280]
[v:24 23 14 1.000000 1280]
[v:24 23 15 1.000000 1280]
[v:24 23 16 1.000000 1280]
[v:24 23 17 1.000000 1280]
[v:24 23 18 1.000000 1280]
[v:24 23 19 1.000000 1280]
[v:24 23 20 1.000000 1280]
[v:24 23 21 1.000000 1280]
[v:24 23 22 1.000000 1280]
[v:24 23 23 1.000000 1280]
[v:24 23 24 1.000000 1280]
[v:24 23 25 1.000000 1280]
[v:24 23 26 1.000000 1280]
[v:24 23 27 1.000000 1280]
[v:24 23 28 1.000000 1280]
[v:24 23 29 1.000000 1280]
[v:24 23 30 1.000000 1280]
[v:24 23 31 1.000000 1280]
[v:24 23 32 1.000000 1280]
[v:24 23 33 1.000000 1280]
[v:24 23 34 1.000000 1280]
[v:24 23 35 1.000000 1280]
[v:24 23 36 1.000000 1280]
[v:24 23 37 1.000000 1280]
[v:24 23 38 1.000000 1280]
[v:24 23 39 1.000000 1280]
[v:24 23 40 1.000000 1280]
[v:24 23 41 1.000000 1280]
[v:24 23 42 1.000000 1280]
[v:24 23 43 1.000000 1280]
[v:24 23 44 1.000000 1280]
[v:24 23 45 1.000000 836]
[v:24 23 46 1.000000 836]
[v:24 23 47 1.000000 836]
[v:24 23 48 1.000000 836]
[v:24 23 49 1.000000 836]
[v:25 23  1 1.000000 1280]
[v:25 23  2 1.000000 1280]
[v:25 23  3 1.000000 1280]
[v:25 23  4 1.000000 1280]
[v:25 23  5 1.000000 1280]
[v:25 23  6 1.000000 1280]
[v:25 23  7 1.000000 1280]
[v:25 23  8 1.000000 1280]
[v:25 23  9 1.000000 1280]
[v:25 23 10 1.000000 1280]
[v:25 23 11 1.000000 1280]
[v:25 23 12 1.000000 1280]
[v:25 23 13 1.000000 1280]
[v:25 23 14 1.000000 1280]
[v:25 23 15 1.000000 1280]
[v:25 23 16 1.000000 1280]
[v:25 23 17 1.000000 1280]
[v:25 23 18 1.000000 1280]
[v:25 23 19 1.000000 1280]
[v:25 23 20 1.000000 1280]
[v:25 23 21 1.000000 1280]
[v:25 23 22 1.000000 1280]
[v:25 23 23 1.000000 1280]
[v:25 23 24 1.000000 1280]
[v:25 23 25 1.000000 1280]
[v:25 23 26 1.000000 1280]
[v:25 23 27 1.000000 1280]
[v:25 23 28 1.000000 1280]
[v:25 23 29 1.000000 1280]
[v:25 23 30 1.000000 1280]
[v:25 23 31 1.000000 1280]
[v:25 23 32 1.000000 1280]
[v:25 23 33 1.000000 1280]
[v:25 23 34 1.000000 1280]
[v:25 23 35 1.000000 1280]
[v:25 23 36 1.000000 1280]
[v:25 23 37 1.000000 1280]
[v:25 23 38 1.000000 1280]
[v:25 23 39 1.000000 1280]
[v:25 23 40 1.000000 1280]
[v:25 23 41 1.000000 1280]
[v:25 23 42 1.000000 1280]
[v:25 23 43 1.000000 836]
[v:25 23 44 1.000000 836]
[v:25 23 45 1.000000 836]
[v:25 23 46 1.000000 836]
[v:25 23 47 1.000000 836]
[v:25 23 48 1.000000 836]
[v:25 23 49 1.000000 836]
[v:26 23  1 1.000000 1280]
[v:26 23  2 1.000000 1280]
[v:26 23  3 1.000000 1280]
[v:26 23  4 1.000000 1280]
[v:26 23  5 1.000000 1280]
[v:26 23  6 1.000000 1280]
[v:26 23  7 1.000000 1280]
[v:26 23  8 1.000000 1280]
[v:26 23  9 1.000000 1280]
[v:26 23 10 1.000000 1280]
[v:26 23 11 1.000000 1280]
[v:26 23 12 1.000000 1280]
[v:26 23 13 1.000000 1280]
[v:26 23 14 1.000000 1280]
[v:26 23 15 1.000000 1280]
[v:26 23 16 1.000000 1280]
[v:26 23 17 1.000000 1280]
[v:26 23 18 1.000000 1280]
[v:26 23 19 1.000000 1280]
[v:26 23 20 1.000000 1280]
[v:26 23 21 1.000000 1280]
[v:26 23 22 1.000000 1280]
[v:26 23 23 1.000000 1280]
[v:26 23 24 1.000000 1280]
[v:26 23 25 1.000000 1280]
[v:26 23 26 1.000000 1280]
[v:26 23 27 1.000000 1280]
[v:26 23 28 1.000000 1280]
[v:26 23 29 1.000000 1280]
[v:26 23 30 1.000000 1280]
[v:26 23 31 1.000000 1280]
[v:26 23 32 1.000000 1280]
[v:26 23 33 1.000000 1280]
[v:26 23 34 1.000000 1280]
[v:26 23 35 1.000000 1280]
[v:26 23 36 1.000000 1280]
[v:26 23 37 1.000000 1280]
[v:26 23 38 1.000000 836]
[v:26 23 39 1.000000 836]
[v:26 23 40 1.000000 836]
[v:26 23 41 1.000000 836]
[v:26 23 42 1.000000 836]
[v:26 23 43 1.000000 836]
[v:26 23 44 1.000000 836]
[v:26 23 45 1.000000 836]
[v:26 23 46 1.000000 836]
[v:26 23 47 1.000000 836]
[v:26 23 48 1.000000 836]
[v:26 23 49 1.000000 1280]
[v:27 23  1 1.000000 1280]
[v:27 23  2 1.000000 1280]
[v:27 23  3 1.000000 1280]
[v:27 23  4 1.000000 1280]
[v:27 23  5 1.000000 1280]
[v:27 23  6 1.000000 1280]
[v:27 23  7 1.000000 1280]
[v:27 23  8 1.000000 1280]
[v:27 23  9 1.000000 1280]
[v:27 23 10 1.000000 1280]
[v:27 23 11 1.000000 1280]
[v:27 23 12 1.000000 1280]
[v:27 23 13 1.000000 1280]
[v:27 23 14 1.000000 1280]
[v:27 23 15 1.000000 1280]
[v:27 23 16 1.000000 1280]
[v:27 23 17 1.000000 1280]
[v:27 23 18 1.000000 1280]
[v:27 23 19 1.000000 1280]
[v:27 23 20 1.000000 1280]
[v:27 23 21 1.000000 1280]
[v:27 23 22 1.000000 1280]
[v:27 23 23 1.000000 1280]
[v:27 23 24 1.000000 1280]
[v:27 23 25 1.000000 1280]
[v:27 23 26 1.000000 1280]
[v:27 23 27 1.000000 1280]
[v:27 23 28 1.000000 1280]
[v:27 23 29 1.000000 1280]
[v:27 23 30 1.000000 1280]
[v:27 23 31 1.000000 1280]
[v:27 23 32 1.000000 1280]
[v:27 23 33 1.000000 1280]
[v:27 23 34 1.000000 1280]
[v:27 23 35 1.000000 1280]
[v:27 23 36 1.000000 1280]
[v:27 23 37 1.000000 1280]
[v:27 23 38 1.000000 836]
[v:27 23 39 1.000000 836]
[v:27 23 40 1.000000 836]
[v:27 23 41 1.000000 836]
[v:27 23 42 1.000000 836]
[v:27 23 43 1.000000 836]
[v:27 23 44 1.000000 836]
[v:27 23 45 1.000000 836]
[v:27 23 46 1.000000 836]
[v:27 23 47 1.000000 1280]
[v:27 23 48 1.000000 1280]
[v:27 23 49 1.000000 1280]
[v:28 23  1 1.000000 1280]
[v:28 23  2 1.000000 1280]
[v:28 23  3 1.000000 1280]
[v:28 23  4 1.000000 1280]
[v:28 23  5 1.000000 1280]
[v:28 23  6 1.000000 1280]
[v:28 23  7 1.000000 1280]
[v:28 23  8 1.000000 1280]
[v:28 23  9 1.000000 1280]
[v:28 23 10 1.000000 1280]
[v:28 23 11 1.000000 1280]
[v:28 23 12 1.000000 1280]
[v:28 23 13 1.000000 1280]
[v:28 23 14 1.000000 1280]
[v:28 23 15 1.000000 1280]
[v:28 23 16 1.000000 1280]
[v:28 23 17 1.000000 1280]
[v:28 23 18 1.000000 1280]
[v:28 23 19 1.000000 1280]
[v:28 23 20 1.000000 1280]
[v:28 23 21 1.000000 1280]
[v:28 23 22 1.000000 1280]
[v:28 23 23 1.000000 1280]
[v:28 23 24 1.000000 1280]
[v:28 23 25 1.000000 1280]
[v:28 23 26 1.000000 1280]
[v:28 23 27 1.000000 1280]
[v:28 23 28 1.000000 1280]
[v:28 23 29 1.000000 1280]
[v:28 23 30 1.000000 1280]
[v:28 23 31 1.000000 1280]
[v:28 23 32 1.000000 1280]
[v:28 23 33 1.000000 1280]
[v:28 23 34 1.000000 1280]
[v:28 23 35 1.000000 1280]
[v:28 23 36 1.000000 1280]
[v:28 23 37 1.000000 1280]
[v:28 23 38 1.000000 1280]
[v:28 23 39 1.000000 836]
[v:28 23 40 1.000000 836]
[v:28 23 41 1.000000 836]
[v:28 23 42 1.000000 836]
[v:28 23 43 1.000000 836]
[v:28 23 44 1.000000 836]
[v:28 23 45 1.000000 836]
[v:28 23 46 1.000000 1280]
[v:28 23 47 1.000000 1280]
[v:28 23 48 1.000000 1280]
[v:28 23 49 1.000000 1280]
[v:29 23  1 1.000000 1280]
[v:29 23  2 1.000000 1280]
[v:29 23  3 1.000000 1280]
[v:29 23  4 1.000000 1280]
[v:29 23  5 1.000000 1280]
[v:29 23  6 1.000000 1280]
[v:29 23  7 1.000000 1280]
[v:29 23  8 1.000000 1280]
[v:29 23  9 1.000000 1280]
[v:29 23 10 1.000000 1280]
[v:29 23 11 1.000000 1280]
[v:29 23 12 1.000000 1280]
[v:29 23 13 1.000000 1280]
[v:29 23 14 1.000000 1280]
[v:29 23 15 1.000000 1280]
[v:29 23 16 1.000000 1280]
[v:29 23 17 1.000000 1280]
[v:29 23 18 1.000000 1280]
[v:29 23 19 1.000000 1280]
[v:29 23 20 1.000000 1280]
[v:29 23 21 1.000000 1280]
[v:29 23 22 1.000000 1280]
[v:29 23 23 1.000000 1280]
[v:29 23 24 1.000000 1280]
[v:29 23 25 1.000000 1280]
[v:29 23 26 1.000000 1280]
[v:29 23 27 1.000000 1280]
[v:29 23 28 1.000000 1280]
[v:29 23 29 1.000000 1280]
[v:29 23 30 1.000000 1280]
[v:29 23 31 1.000000 1280]
[v:29 23 32 1.000000 1280]
[v:29 23 33 1.000000 1280]
[v:29 23 34 1.000000 1280]
[v:29 23 35 1.000000 1280]
[v:29 23 36 1.000000 1280]
[v:29 23 37 1.000000 1280]
[v:29 23 38 1.000000 1280]
[v:29 23 39 1.000000 836]
[v:29 23 40 1.000000 836]
[v:29 23 41 1.000000 836]
[v:29 23 42 1.000000 836]
[v:29 23 43 1.000000 836]
[v:29 23 44 1.000000 836]
[v:29 23 45 1.000000 1280]
[v:29 23 46 1.000000 1280]
[v:29 23 47 1.000000 1280]
[v:29 23 48 1.000000 1280]
[v:29 23 49 1.000000 1280]
[v:30 23  1 1.000000 1280]
[v:30 23  2 1.000000 1280]
[v:30 23  3 1.000000 1280]
[v:30 23  4 1.000000 1280]
[v:30 23  5 1.000000 1280]
[v:30 23  6 1.000000 1280]
[v:30 23  7 1.000000 1280]
[v:30 23  8 1.000000 1280]
[v:30 23  9 1.000000 1280]
[v:30 23 10 1.000000 1280]
[v:30 23 11 1.000000 1280]
[v:30 23 12 1.000000 1280]
[v:30 23 13 1.000000 1280]
[v:30 23 14 1.000000 1280]
[v:30 23 15 1.000000 1280]
[v:30 23 16 1.000000 1280]
[v:30 23 17 1.000000 1280]
[v:30 23 18 1.000000 1280]
[v:30 23 19 1.000000 1280]
[v:30 23 20 1.000000 1280]
[v:30 23 21 1.000000 1280]
[v:30 23 22 1.000000 1280]
[v:30 23 23 1.000000 1280]
[v:30 23 24 1.000000 1280]
[v:30 23 25 1.000000 1280]
[v:30 23 26 1.000000 1280]
[v:30 23 27 1.000000 1280]
[v:30 23 28 1.000000 1280]
[v:30 23 29 1.000000 1280]
[v:30 23 30 1.000000 1280]
[v:30 23 31 1.000000 1280]
[v:30 23 32 1.000000 1280]
[v:30 23 33 1.000000 1280]
[v:30 23 34 1.000000 1280]
[v:30 23 35 1.000000 1280]
[v:30 23 36 1.000000 1280]
[v:30 23 37 1.000000 1280]
[v:30 23 38 1.000000 836]
[v:30 23 39 1.000000 836]
[v:30 23 40 1.000000 836]
[v:30 23 41 1.000000 836]
[v:30 23 42 1.000000 836]
[v:30 23 43 1.000000 836]
[v:30 23 44 1.000000 1280]
[v:30 23 45 1.000000 1280]
[v:30 23 46 1.000000 1280]
[v:30 23 47 1.000000 1280]
[v:30 23 48 1.000000 1280]
[v:30 23 49 1.000000 1280]
[v:31 23  1 1.000000 1280]
[v:31 23  2 1.000000 1280]
[v:31 23  3 1.000000 1280]
[v:31 23  4 1.000000 1280]
[v:31 23  5 1.000000 1280]
[v:31 23  6 1.000000 1280]
[v:31 23  7 1.000000 1280]
[v:31 23  8 1.000000 1280]
[v:31 23  9 1.000000 1280]
[v:31 23 10 1.000000 1280]
[v:31 23 11 1.000000 1280]
[v:31 23 12 1.000000 1280]
[v:31 23 13 1.000000 1280]
[v:31 23 14 1.000000 1280]
[v:31 23 15 1.000000 1280]
[v:31 23 16 1.000000 1280]
[v:31 23 17 1.000000 1280]
[v:31 23 18 1.000000 1280]
[v:31 23 19 1.000000 1280]
[v:31 23 20 1.000000 1280]
[v:31 23 21 1.000000 1280]
[v:31 23 22 1.000000 1280]
[v:31 23 23 1.000000 1280]
[v:31 23 24 1.000000 1280]
[v:31 23 25 1.000000 1280]
[v:31 23 26 1.000000 1280]
[v:31 23 27 1.000000 1280]
[v:31 23 28 1.000000 1280]
[v:31 23 29 1.000000 1280]
[v:31 23 30 1.000000 1280]
[v:31 23 31 1.000000 1280]
[v:31 23 32 1.000000 1280]
[v:31 23 33 1.000000 1280]
[v:31 23 34 1.000000 1280]
[v:31 23 35 1.000000 1280]
[v:31 23 36 1.000000 1280]
[v:31 23 37 1.000000 1280]
[v:31 23 38 1.000000 1280]
[v:31 23 39 1.000000 836]
[v:31 23 40 1.000000 836]
[v:31 23 41 1.000000 836]
[v:31 23 42 1.000000 836]
[v:31 23 43 1.000000 836]
[v:31 23 44 1.000000 1280]
[v:31 23 45 1.000000 1280]
[v:31 23 46 1.000000 1280]
[v:31 23 47 1.000000 1280]
[v:31 23 48 1.000000 1280]
[v:31 23 49 1.000000 1280]
[v:32 23  1 1.000000 1280]
[v:32 23  2 1.000000 1280]
[v:32 23  3 1.000000 1280]
[v:32 23  4 1.000000 1280]
[v:32 23  5 1.000000 1280]
[v:32 23  6 1.000000 1280]
[v:32 23  7 1.000000 1280]
[v:32 23  8 1.000000 1280]
[v:32 23  9 1.000000 1280]
[v:32 23 10 1.000000 1280]
[v:32 23 11 1.000000 1280]
[v:32 23 12 1.000000 1280]
[v:32 23 13 1.000000 1280]
[v:32 23 14 1.000000 1280]
[v:32 23 15 1.000000 1280]
[v:32 23 16 1.000000 1280]
[v:32 23 17 1.000000 1280]
[v:32 23 18 1.000000 1280]
[v:32 23 19 1.000000 1280]
[v:32 23 20 1.000000 1280]
[v:32 23 21 1.000000 1280]
[v:32 23 22 1.000000 1280]
[v:32 23 23 1.000000 1280]
[v:32 23 24 1.000000 1280]
[v:32 23 25 1.000000 1280]
[v:32 23 26 1.000000 1280]
[v:32 23 27 1.000000 1280]
[v:32 23 28 1.000000 1280]
[v:32 23 29 1.000000 1280]
[v:32 23 30 1.000000 1280]
[v:32 23 31 1.000000 1280]
[v:32 23 32 1.000000 1280]
[v:32 23 33 1.000000 1280]
[v:32 23 34 1.000000 1280]
[v:32 23 35 1.000000 1280]
[v:32 23 36 1.000000 1280]
[v:32 23 37 1.000000 1280]
[v:32 23 38 1.000000 1280]
[v:32 23 39 1.000000 836]
[v:32 23 40 1.000000 836]
[v:32 23 41 1.000000 836]
[v:32 23 42 1.000000 836]
[v:32 23 43 1.000000 1280]
[v:32 23 44 1.000000 1280]
[v:32 23 45 1.000000 1280]
[v:32 23 46 1.000000 1280]
[v:32 23 47 1.000000 1280]
[v:32 23 48 1.000000 1280]
[v:32 23 49 1.000000 1280]
[v:33 23  1 1.000000 1280]
[v:33 23  2 1.000000 1280]
[v:33 23  3 1.000000 1280]
[v:33 23  4 1.000000 1280]
[v:33 23  5 1.000000 1280]
[v:33 23  6 1.000000 1280]
[v:33 23  7 1.000000 1280]
[v:33 23  8 1.000000 1280]
[v:33 23  9 1.000000 1280]
[v:33 23 10 1.000000 1280]
[v:33 23 11 1.000000 1280]
[v:33 23 12 1.000000 1280]
[v:33 23 13 1.000000 1280]
[v:33 23 14 1.000000 1280]
[v:33 23 15 1.000000 1280]
[v:33 23 16 1.000000 1280]
[v:33 23 17 1.000000 1280]
[v:33 23 18 1.000000 1280]
[v:33 23 19 1.000000 1280]
[v:33 23 20 1.000000 1280]
[v:33 23 21 1.000000 1280]
[v:33 23 22 1.000000 1280]
[v:33 23 23 1.000000 1280]
[v:33 23 24 1.000000 1280]
[v:33 23 25 1.000000 1280]
[v:33 23 26 1.000000 1280]
[v:33 23 27 1.000000 1280]
[v:33 23 28 1.000000 1280]
[v:33 23 29 1.000000 1280]
[v:33 23 30 1.000000 1280]
[v:33 23 31 1.000000 1280]
[v:33 23 32 1.000000 1280]
[v:33 23 33 1.000000 1280]
[v:33 23 34 1.000000 1280]
[v:33 23 35 1.000000 1280]
[v:33 23 36 1.000000 1280]
[v:33 23 37 1.000000 1280]
[v:33 23 38 1.000000 836]
[v:33 23 39 1.000000 836]
[v:33 23 40 1.000000 836]
[v:33 23 41 1.000000 836]
[v:33 23 42 1.000000 1280]
[v:33 23 43 1.000000 1280]
[v:33 23 44 1.000000 1280]
[v:33 23 45 1.000000 1280]
[v:33 23 46 1.000000 1280]
[v:33 23 47 1.000000 1280]
[v:33 23 48 1.000000 1280]
[v:33 23 49 1.000000 1280]
[v:34 23  1 1.000000 1280]
[v:34 23  2 1.000000 1280]
[v:34 23  3 1.000000 1280]
[v:34 23  4 1.000000 1280]
[v:34 23  5 1.000000 1280]
[v:34 23  6 1.000000 1280]
[v:34 23  7 1.000000 1280]
[v:34 23  8 1.000000 1280]
[v:34 23  9 1.000000 1280]
[v:34 23 10 1.000000 1280]
[v:34 23 11 1.000000 1280]
[v:34 23 12 1.000000 1280]
[v:34 23 13 1.000000 1280]
[v:34 23 14 1.000000 1280]
[v:34 23 15 1.000000 1280]
[v:34 23 16 1.000000 1280]
[v:34 23 17 1.000000 1280]
[v:34 23 18 1.000000 1280]
[v:34 23 19 1.000000 1280]
[v:34 23 20 1.000000 1280]
[v:34 23 21 1.000000 1280]
[v:34 23 22 1.000000 1280]
[v:34 23 23 1.000000 1280]
[v:34 23 24 1.000000 1280]
[v:34 23 25 1.000000 1280]
[v:34 23 26 1.000000 1280]
[v:34 23 27 1.000000 1280]
[v:34 23 28 1.000000 1280]
[v:34 23 29 1.000000 1280]
[v:34 23 30 1.000000 1280]
[v:34 23 31 1.000000 1280]
[v:34 23 32 1.000000 1280]
[v:34 23 33 1.000000 1280]
[v:34 23 34 1.000000 1280]
[v:34 23 35 1.000000 1280]
[v:34 23 36 1.000000 1280]
[v:34 23 37 1.000000 1280]
[v:34 23 38 1.000000 836]
[v:34 23 39 1.000000 836]
[v:34 23 40 1.000000 836]
[v:34 23 41 1.000000 1280]
[v:34 23 42 1.000000 1280]
[v:34 23 43 1.000000 1280]
[v:34 23 44 1.000000 1280]
[v:34 23 45 1.000000 1280]
[v:34 23 46 1.000000 1280]
[v:34 23 47 1.000000 1280]
[v:34 23 48 1.000000 1280]
[v:34 23 49 1.000000 1280]
[v:35 23  1 1.000000 1280]
[v:35 23  2 1.000000 1280]
[v:35 23  3 1.000000 1280]
[v:35 23  4 1.000000 1280]
[v:35 23  5 1.000000 1280]
[v:35 23  6 1.000000 1280]
[v:35 23  7 1.000000 1280]
[v:35 23  8 1.000000 1280]
[v:35 23  9 1.000000 1280]
[v:35 23 10 1.000000 1280]
[v:35 23 11 1.000000 1280]
[v:35 23 12 1.000000 1280]
[v:35 23 13 1.000000 1280]
[v:35 23 14 1.000000 1280]
[v:35 23 15 1.000000 1280]
[v:35 23 16 1.000000 1280]
[v:35 23 17 1.000000 1280]
[v:35 23 18 1.000000 1280]
[v:35 23 19 1.000000 1280]
[v:35 23 20 1.000000 1280]
[v:35 23 21 1.000000 1280]
[v:35 23 22 1.000000 1280]
[v:35 23 23 1.000000 1280]
[v:35 23 24 1.000000 1280]
[v:35 23 25 1.000000 1280]
[v:35 23 26 1.000000 1280]
[v:35 23 27 1.000000 1280]
[v:35 23 28 1.000000 1280]
[v:35 23 29 1.000000 1280]
[v:35 23 30 1.000000 1280]
[v:35 23 31 1.000000 1280]
[v:35 23 32 1.000000 1280]
[v:35 23 33 1.000000 1280]
[v:35 23 34 1.000000 1280]
[v:35 23 35 1.000000 1280]
[v:35 23 36 1.000000 1280]
[v:35 23 37 1.000000 1280]
[v:35 23 38 1.000000 1280]
[v:35 23 39 1.000000 1280]
[v:35 23 40 1.000000 1280]
[v:35 23 41 1.000000 1280]
[v:35 23 42 1.000000 1280]
[v:35 23 43 1.000000 1280]
[v:35 23 44 1.000000 1280]
[v:35 23 45 1.000000 1280]
[v:35 23 46 1.000000 1280]
[v:35 23 47 1.000000 1280]
[v:35 23 48 1.000000 1280]
[v:35 23 49 1.000000 1280]
[v:36 23  1 1.000000 1280]
[v:36 23  2 1.000000 1280]
[v:36 23  3 1.000000 1280]
[v:36 23  4 1.000000 1280]
[v:36 23  5 1.000000 1280]
[v:36 23  6 1.000000 1280]
[v:36 23  7 1.000000 1280]
[v:36 23  8 1.000000 1280]
[v:36 23  9 1.000000 1280]
[v:36 23 10 1.000000 1280]
[v:36 23 11 1.000000 1280]
[v:36 23 12 1.000000 1280]
[v:36 23 13 1.000000 1280]
[v:36 23 14 1.000000 1280]
[v:36 23 15 1.000000 1280]
[v:36 23 16 1.000000 1280]
[v:36 23 17 1.000000 1280]
[v:36 23 18 1.000000 1280]
[v:36 23 19 1.000000 1280]
[v:36 23 20 1.000000 1280]
[v:36 23 21 1.000000 1280]
[v:36 23 22 1.000000 1280]
[v:36 23 23 1.000000 1280]
[v:36 23 24 1.000000 1280]
[v:36 23 25 1.000000 1280]
[v:36 23 26 1.000000 1280]
[v:36 23 27 1.000000 1280]
[v:36 23 28 1.000000 1280]
[v:36 23 29 1.000000 1280]
[v:36 23 30 1.000000 1280]
[v:36 23 31 1.000000 1280]
[v:36 23 32 1.000000 1280]
[v:36 23 33 1.000000 1280]
[v:36 23 34 1.000000 1280]
[v:36 23 35 1.000000 1280]
[v:36 23 36 1.000000 1280]
[v:36 23 37 1.000000 1280]
[v:36 23 38 1.000000 1280]
[v:36 23 39 1.000000 1280]
[v:36 23 40 1.000000 1280]
[v:36 23 41 1.000000 1280]
[v:36 23 42 1.000000 1280]
[v:36 23 43 1.000000 1280]
[v:36 23 44 1.000000 1280]
[v:36 23 45 1.000000 1280]
[v:36 23 46 1.000000 1280]
[v:36 23 47 1.000000 1280]
[v:36 23 48 1.000000 1280]
[v:36 23 49 1.000000 1280]
[v:37 23  1 1.000000 1280]
[v:37 23  2 1.000000 1280]
[v:37 23  3 1.000000 1280]
[v:37 23  4 1.000000 1280]
[v:37 23  5 1.000000 1280]
[v:37 23  6 1.000000 1280]
[v:37 23  7 1.000000 1280]
[v:37 23  8 1.000000 1280]
[v:37 23  9 1.000000 1280]
[v:37 23 10 1.000000 1280]
[v:37 23 11 1.000000 1280]
[v:37 23 12 1.000000 1280]
[v:37 23 13 1.000000 1280]
[v:37 23 14 1.000000 1280]
[v:37 23 15 1.000000 1280]
[v:37 23 16 1.000000 1280]
[v:37 23 17 1.000000 1280]
[v:37 23 18 1.000000 1280]
[v:37 23 19 1.000000 1280]
[v:37 23 20 1.000000 1280]
[v:37 23 21 1.000000 1280]
[v:37 23 22 1.000000 1280]
[v:37 23 23 1.000000 1280]
[v:37 23 24 1.000000 1280]
[v:37 23 25 1.000000 1280]
[v:37 23 26 1.000000 1280]
[v:37 23 27 1.000000 1280]
[v:37 23 28 1.000000 1280]
[v:37 23 29 1.000000 1280]
[v:37 23 30 1.000000 1280]
[v:37 23 31 1.000000 1280]
[v:37 23 32 1.000000 1280]
[v:37 23 33 1.000000 1280]
[v:37 23 34 1.000000 1280]
[v:37 23 35 1.000000 1280]
[v:37 23 36 1.000000 1280]
[v:37 23 37 1.000000 1280]
[v:37 23 38 1.000000 1280]
[v:37 23 39 1.000000 1280]
[v:37 23 40 1.000000 1280]
[v:37 23 41 1.000000 1280]
[v:37 23 42 1.000000 1280]
[v:37 23 43 1.000000 1280]
[v:37 23 44 1.000000 1280]
[v:37 23 45 1.000000 1280]
[v:37 23 46 1.000000 1280]
[v:37 23 47 1.000000 1280]
[v:37 23 48 1.000000 1280]
[v:37 23 49 1.000000 1280]
[v:38 23  1 1.000000 1280]
[v:38 23  2 1.000000 1280]
[v:38 23  3 1.000000 1280]
[v:38 23  4 1.000000 1280]
[v:38 23  5 1.000000 1280]
[v:38 23  6 1.000000 1280]
[v:38 23  7 1.000000 1280]
[v:38 23  8 1.000000 1280]
[v:38 23  9 1.000000 1280]
[v:38 23 10 1.000000 1280]
[v:38 23 11 1.000000 1280]
[v:38 23 12 1.000000 1280]
[v:38 23 13 1.000000 1280]
[v:38 23 14 1.000000 1280]
[v:38 23 15 1.000000 1280]
[v:38 23 16 1.000000 1280]
[v:38 23 17 1.000000 1280]
[v:38 23 18 1.000000 1280]
[v:38 23 19 1.000000 1280]
[v:38 23 20 1.000000 1280]
[v:38 23 21 1.000000 1280]
[v:38 23 22 1.000000 1280]
[v:38 23 23 1.000000 1280]
[v:38 23 24 1.000000 1280]
[v:38 23 25 1.000000 1280]
[v:38 23 26 1.000000 1280]
[v:38 23 27 1.000000 1280]
[v:38 23 28 1.000000 1280]
[v:38 23 29 1.000000 1280]
[v:38 23 30 1.000000 1280]
[v:38 23 31 1.000000 1280]
[v:38 23 32 1.000000 1280]
[v:38 23 33 1.000000 1280]
[v:38 23 34 1.000000 1280]
[v:38 23 35 1.000000 1280]
[v:38 23 36 1.000000 1280]
[v:38 23 37 1.000000 1280]
[v:38 23 38 1.000000 1280]
[v:38 23 39 1.000000 1280]
[v:38 23 40 1.000000 1280]
[v:38 23 41 1.000000 1280]
[v:38 23 42 1.000000 1280]
[v:38 23 43 1.000000 1280]
[v:38 23 44 1.000000 1280]
[v:38 23 45 1.000000 1280]
[v:38 23 46 1.000000 1280]
[v:38 23 47 1.000000 1280]
[v:38 23 48 1.000000 1280]
[v:38 23 49 1.000000 1280]
[v:39 23  1 1.000000 1280]
[v:39 23  2 1.000000 1280]
[v:39 23  3 1.000000 1280]
[v:39 23  4 1.000000 1280]
[v:39 23  5 1.000000 1280]
[v:39 23  6 1.000000 1280]
[v:39 23  7 1.000000 1280]
[v:39 23  8 1.000000 1280]
[v:39 23  9 1.000000 1280]
[v:39 23 10 1.000000 1280]
[v:39 23 11 1.000000 1280]
[v:39 23 12 1.000000 1280]
[v:39 23 13 1.000000 1280]
[v:39 23 14 1.000000 1280]
[v:39 23 15 1.000000 1280]
[v:39 23 16 1.000000 1280]
[v:39 23 17 1.000000 1280]
[v:39 23 18 1.000000 1280]
[v:39 23 19 1.000000 1280]
[v:39 23 20 1.000000 1280]
[v:39 23 21 1.000000 1280]
[v:39 23 22 1.000000 1280]
[v:39 23 23 1.000000 1280]
[v:39 23 24 1.000000 1280]
[v:39 23 25 1.000000 1280]
[v:39 23 26 1.000000 1280]
[v:39 23 27 1.000000 1280]
[v:39 23 28 1.000000 1280]
[v:39 23 29 1.000000 1280]
[v:39 23 30 1.000000 1280]
[v:39 23 31 1.000000 1280]
[v:39 23 32 1.000000 1280]
[v:39 23 33 1.000000 1280]
[v:39 23 34 1.000000 1280]
[v:39 23 35 1.000000 1280]
[v:39 23 36 1.000000 1280]
[v:39 23 37 1.000000 1280]
[v:39 23 38 1.000000 1280]
[v:39 23 39 1.000000 1280]
[v:39 23 40 1.000000 1280]
[v:39 23 41 1.000000 1280]
[v:39 23 42 1.000000 1280]
[v:39 23 43 1.000000 1280]
[v:39 23 44 1.000000 1280]
[v:39 23 45 1.000000 1280]
[v:39 23 46 1.000000 1280]
[v:39 23 47 1.000000 1280]
[v:39 23 48 1.000000 1280]
[v:39 23 49 1.000000 1280]
[v:40 23  1 1.000000 1280]
[v:40 23  2 1.000000 1280]
[v:40 23  3 1.000000 1280]
[v:40 23  4 1.000000 1280]
[v:40 23  5 1.000000 1280]
[v:40 23  6 1.000000 1280]
[v:40 23  7 1.000000 1280]
[v:40 23  8 1.000000 1280]
[v:40 23  9 1.000000 1280]
[v:40 23 10 1.000000 1280]
[v:40 23 11 1.000000 1280]
[v:40 23 12 1.000000 1280]
[v:40 23 13 1.000000 1280]
[v:40 23 14 1.000000 1280]
[v:40 23 15 1.000000 1280]
[v:40 23 16 1.000000 1280]
[v:40 23 17 1.000000 1280]
[v:40 23 18 1.000000 1280]
[v:40 23 19 1.000000 1280]
[v:40 23 20 1.000000 1280]
[v:40 23 21 1.000000 1280]
[v:40 23 22 1.000000 1280]
[v:40 23 23 1.000000 1280]
[v:40 23 24 1.000000 1280]
[v:40 23 25 1.000000 1280]
[v:40 23 26 1.000000 1280]
[v:40 23 27 1.000000 1280]
[v:40 23 28 1.000000 1280]
[v:40 23 29 1.000000 1280]
[v:40 23 30 1.000000 1280]
[v:40 23 31 1.000000 1280]
[v:40 23 32 1.000000 1280]
[v:40 23 33 1.000000 1280]
[v:40 23 34 1.000000 1280]
[v:40 23 35 1.000000 1280]
[v:40 23 36 1.000000 1280]
[v:40 23 37 1.000000 1280]
[v:40 23 38 1.000000 1280]
[v:40 23 39 1.000000 1280]
[v:40 23 40 1.000000 1280]
[v:40 23 41 1.000000 1280]
[v:40 23 42 1.000000 1280]
[v:40 23 43 1.000000 1280]
[v:40 23 44 1.000000 1280]
[v:40 23 45 1.000000 1280]
[v:40 23 46 1.000000 1280]
[v:40 23 47 1.000000 1280]
[v:40 23 48 1.000000 1280]
[v:40 23 49 1.000000 1280]
[v:41 23  1 1.000000 1280]
[v:41 23  2 1.000000 1280]
[v:41 23  3 1.000000 1280]
[v:41 23  4 1.000000 1280]
[v:41 23  5 1.000000 1280]
[v:41 23  6 1.000000 1280]
[v:41 23  7 1.000000 1280]
[v:41 23  8 1.000000 1280]
[v:41 23  9 1.000000 1280]
[v:41 23 10 1.000000 1280]
[v:41 23 11 1.000000 1280]
[v:41 23 12 1.000000 1280]
[v:41 23 13 1.000000 1280]
[v:41 23 14 1.000000 1280]
[v:41 23 15 1.000000 1280]
[v:41 23 16 1.000000 1280]
[v:41 23 17 1.000000 1280]
[v:41 23 18 1.000000 1280]
[v:41 23 19 1.000000 1280]
[v:41 23 20 1.000000 1280]
[v:41 23 21 1.000000 1280]
[v:41 23 22 1.000000 1280]
[v:41 23 23 1.000000 1280]
[v:41 23 24 1.000000 1280]
[v:41 23 25 1.000000 1280]
[v:41 23 26 1.000000 1280]
[v:41 23 27 1.000000 1280]
[v:41 23 28 1.000000 1280]
[v:41 23 29 1.000000 1280]
[v:41 23 30 1.000000 1280]
[v:41 23 31 1.000000 1280]
[v:41 23 32 1.000000 1280]
[v:41 23 33 1.000000 1280]
[v:41 23 34 1.000000 1280]
[v:41 23 35 1.000000 1280]
[v:41 23 36 1.000000 1280]
[v:41 23 37 1.000000 1280]
[v:41 23 38 1.000000 1280]
[v:41 23 39 1.000000 1280]
[v:41 23 40 1.000000 1280]
[v:41 23 41 1.000000 1280]
[v:41 23 42 1.000000 1280]
[v:41 23 43 1.000000 1280]
[v:41 23 44 1.000000 1280]
[v:41 23 45 1.000000 1280]
[v:41 23 46 1.000000 1280]
[v:41 23 47 1.000000 1280]
[v:41 23 48 1.000000 1280]
[v:41 23 49 1.000000 1280]
[v:42 23  1 1.000000 1280]
[v:42 23  2 1.000000 1280]
[v:42 23  3 1.000000 1280]
[v:42 23  4 1.000000 1280]
[v:42 23  5 1.000000 1280]
[v:42 23  6 1.000000 1280]
[v:42 23  7 1.000000 1280]
[v:42 23  8 1.000000 1280]
[v:42 23  9 1.000000 1280]
[v:42 23 10 1.000000 1280]
[v:42 23 11 1.000000 1280]
[v:42 23 12 1.000000 1280]
[v:42 23 13 1.000000 1280]
[v:42 23 14 1.000000 1280]
[v:42 23 15 1.000000 1280]
[v:42 23 16 1.000000 1280]
[v:42 23 17 1.000000 1280]
[v:42 23 18 1.000000 1280]
[v:42 23 19 1.000000 1280]
[v:42 23 20 1.000000 1280]
[v:42 23 21 1.000000 1280]
[v:42 23 22 1.000000 1280]
[v:42 23 23 1.000000 1280]
[v:42 23 24 1.000000 1280]
[v:42 23 25 1.000000 1280]
[v:42 23 26 1.000000 1280]
[v:42 23 27 1.000000 1280]
[v:42 23 28 1.000000 1280]
[v:42 23 29 1.000000 1280]
[v:42 23 30 1.000000 1280]
[v:42 23 31 1.000000 1280]
[v:42 23 32 1.000000 1280]
[v:42 23 33 1.000000 1280]
[v:42 23 34 1.000000 1280]
[v:42 23 35 1.000000 1280]
[v:42 23 36 1.000000 1280]
[v:42 23 37 1.000000 1280]
[v:42 23 38 1.000000 1280]
[v:42 23 39 1.000000 1280]
[v:42 23 40 1.000000 1280]
[v:42 23 41 1.000000 1280]
[v:42 23 42 1.000000 1280]
[v:42 23 43 1.000000 1280]
[v:42 23 44 1.000000 1280]
[v:42 23 45 1.000000 1280]
[v:42 23 46 1.000000 1280]
[v:42 23 47 1.000000 1280]
[v:42 23 48 1.000000 1280]
[v:42 23 49 1.000000 1280]
[v:43 23  1 1.000000 1280]
[v:43 23  2 1.000000 1280]
[v:43 23  3 1.000000 1280]
[v:43 23  4 1.000000 1280]
[v:43 23  5 1.000000 1280]
[v:43 23  6 1.000000 1280]
[v:43 23  7 1.000000 1280]
[v:43 23  8 1.000000 1280]
[v:43 23  9 1.000000 1280]
[v:43 23 10 1.000000 1280]
[v:43 23 11 1.000000 1280]
[v:43 23 12 1.000000 1280]
[v:43 23 13 1.000000 1280]
[v:43 23 14 1.000000 1280]
[v:43 23 15 1.000000 1280]
[v:43 23 16 1.000000 1280]
[v:43 23 17 1.000000 1280]
[v:43 23 18 1.000000 1280]
[v:43 23 19 1.000000 1280]
[v:43 23 20 1.000000 1280]
[v:43 23 21 1.000000 1280]
[v:43 23 22 1.000000 1280]
[v:43 23 23 1.000000 1280]
[v:43 23 24 1.000000 1280]
[v:43 23 25 1.000000 1280]
[v:43 23 26 1.000000 1280]
[v:43 23 27 1.000000 1280]
[v:43 23 28 1.000000 1280]
[v:43 23 29 1.000000 1280]
[v:43 23 30 1.000000 1280]
[v:43 23 31 1.000000 1280]
[v:43 23 32 1.000000 1280]
[v:43 23 33 1.000000 1280]
[v:43 23 34 1.000000 1280]
[v:43 23 35 1.000000 1280]
[v:43 23 36 1.000000 1280]
[v:43 23 37 1.000000 1280]
[v:43 23 38 1.000000 1280]
[v:43 23 39 1.000000 1280]
[v:43 23 40 1.000000 1280]
[v:43 23 41 1.000000 1280]
[v:43 23 42 1.000000 1280]
[v:43 23 43 1.000000 1280]
[v:43 23 44 1.000000 1280]
[v:43 23 45 1.000000 1280]
[v:43 23 46 1.000000 1280]
[v:43 23 47 1.000000 1280]
[v:43 23 48 1.000000 1280]
[v:43 23 49 1.000000 1280]
[v:44 23  1 1.000000 1280]
[v:44 23  2 1.000000 1280]
[v:44 23  3 1.000000 1280]
[v:44 23  4 1.000000 1280]
[v:44 23  5 1.000000 1280]
[v:44 23  6 1.000000 1280]
[v:44 23  7 1.000000 1280]
[v:44 23  8 1.000000 1280]
[v:44 23  9 1.000000 1280]
[v:44 23 10 1.000000 1280]
[v:44 23 11 1.000000 1280]
[v:44 23 12 1.000000 1280]
[v:44 23 13 1.000000 1280]
[v:44 23 14 1.000000 1280]
[v:44 23 15 1.000000 1280]
[v:44 23 16 1.000000 1280]
[v:44 23 17 1.000000 1280]
[v:44 23 18 1.000000 1280]
[v:44 23 19 1.000000 1280]
[v:44 23 20 1.000000 1280]
[v:44 23 21 1.000000 1280]
[v:44 23 22 1.000000 1280]
[v:44 23 23 1.000000 1280]
[v:44 23 24 1.000000 1280]
[v:44 23 25 1.000000 1280]
[v:44 23 26 1.000000 1280]
[v:44 23 27 1.000000 1280]
[v:44 23 28 1.000000 1280]
[v:44 23 29 1.000000 1280]
[v:44 23 30 1.000000 1280]
[v:44 23 31 1.000000 1280]
[v:44 23 32 1.000000 1280]
[v:44 23 33 1.000000 1280]
[v:44 23 34 1.000000 1280]
[v:44 23 35 1.000000 1280]
[v:44 23 36 1.000000 1280]
[v:44 23 37 1.000000 1280]
[v:44 23 38 1.000000 1280]
[v:44 23 39 1.000000 1280]
[v:44 23 40 1.000000 1280]
[v:44 23 41 1.000000 1280]
[v:44 23 42 1.000000 1280]
[v:44 23 43 1.000000 1280]
[v:44 23 44 1.000000 1280]
[v:44 23 45 1.000000 1280]
[v:44 23 46 1.000000 1280]
[v:44 23 47 1.000000 1280]
[v:44 23 48 1.000000 1280]
[v:44 23 49 1.000000 1280]
[v:45 23  1 1.000000 1280]
[v:45 23  2 1.000000 1280]
[v:45 23  3 1.000000 1280]
[v:45 23  4 1.000000 1280]
[v:45 23  5 1.000000 1280]
[v:45 23  6 1.000000 1280]
[v:45 23  7 1.000000 1280]
[v:45 23  8 1.000000 1280]
[v:45 23  9 1.000000 1280]
[v:45 23 10 1.000000 1280]
[v:45 23 11 1.000000 1280]
[v:45 23 12 1.000000 1280]
[v:45 23 13 1.000000 1280]
[v:45 23 14 1.000000 1280]
[v:45 23 15 1.000000 1280]
[v:45 23 16 1.000000 1280]
[v:45 23 17 1.000000 1280]
[v:45 23 18 1.000000 1280]
[v:45 23 19 1.000000 1280]
[v:45 23 20 1.000000 1280]
[v:45 23 21 1.000000 1280]
[v:45 23 22 1.000000 1280]
[v:45 23 23 1.000000 1280]
[v:45 23 24 1.000000 1280]
[v:45 23 25 1.000000 1280]
[v:45 23 26 1.000000 1280]
[v:45 23 27 1.000000 1280]
[v:45 23 28 1.000000 1280]
[v:45 23 29 1.000000 1280]
[v:45 23 30 1.000000 1280]
[v:45 23 31 1.000000 1280]
[v:45 23 32 1.000000 1280]
[v:45 23 33 1.000000 1280]
[v:45 23 34 1.000000 1280]
[v:45 23 35 1.000000 1280]
[v:45 23 36 1.000000 1280]
[v:45 23 37 1.000000 1280]
[v:45 23 38 1.000000 1280]
[v:45 23 39 1.000000 1280]
[v:45 23 40 1.000000 1280]
[v:45 23 41 1.000000 1280]
[v:45 23 42 1.000000 1280]
[v:45 23 43 1.000000 1280]
[v:45 23 44 1.000000 1280]
[v:45 23 45 1.000000 1280]
[v:45 23 46 1.000000 1280]
[v:45 23 47 1.000000 1280]
[v:45 23 48 1.000000 1280]
[v:45 23 49 1.000000 1280]
[v:46 23  1 1.000000 1280]
[v:46 23  2 1.000000 1280]
[v:46 23  3 1.000000 1280]
[v:46 23  4 1.000000 1280]
[v:46 23  5 1.000000 1280]
[v:46 23  6 1.000000 1280]
[v:46 23  7 1.000000 1280]
[v:46 23  8 1.000000 1280]
[v:46 23  9 1.000000 1280]
[v:46 23 10 1.000000 1280]
[v:46 23 11 1.000000 1280]
[v:46 23 12 1.000000 1280]
[v:46 23 13 1.000000 1280]
[v:46 23 14 1.000000 1280]
[v:46 23 15 1.000000 1280]
[v:46 23 16 1.000000 1280]
[v:46 23 17 1.000000 1280]
[v:46 23 18 1.000000 1280]
[v:46 23 19 1.000000 1280]
[v:46 23 20 1.000000 1280]
[v:46 23 21 1.000000 1280]
[v:46 23 22 1.000000 1280]
[v:46 23 23 1.000000 1280]
[v:46 23 24 1.000000 1280]
[v:46 23 25 1.000000 1280]
[v:46 23 26 1.000000 1280]
[v:46 23 27 1.000000 1280]
[v:46 23 28 1.000000 1280]
[v:46 23 29 1.000000 1280]
[v:46 23 30 1.000000 1280]
[v:46 23 31 1.000000 1280]
[v:46 23 32 1.000000 1280]
[v:46 23 33 1.000000 1280]
[v:46 23 34 1.000000 1280]
[v:46 23 35 1.000000 1280]
[v:46 23 36 1.000000 1280]
[v:46 23 37 1.000000 1280]
[v:46 23 38 1.000000 1280]
[v:46 23 39 1.000000 1280]
[v:46 23 40 1.000000 1280]
[v:46 23 41 1.000000 1280]
[v:46 23 42 1.000000 1280]
[v:46 23 43 1.000000 1280]
[v:46 23 44 1.000000 1280]
[v:46 23 45 1.000000 1280]
[v:46 23 46 1.000000 1280]
[v:46 23 47 1.000000 1280]
[v:46 23 48 1.000000 1280]
[v:46 23 49 1.000000 1280]
[v:47 23  1 1.000000 1280]
[v:47 23  2 1.000000 1280]
[v:47 23  3 1.000000 1280]
[v:47 23  4 1.000000 1280]
[v:47 23  5 1.000000 1280]
[v:47 23  6 1.000000 1280]
[v:47 23  7 1.000000 1280]
[v:47 23  8 1.000000 1280]
[v:47 23  9 1.000000 1280]
[v:47 23 10 1.000000 1280]
[v:47 23 11 1.000000 1280]
[v:47 23 12 1.000000 1280]
[v:47 23 13 1.000000 1280]
[v:47 23 14 1.000000 1280]
[v:47 23 15 1.000000 1280]
[v:47 23 16 1.000000 1280]
[v:47 23 17 1.000000 1280]
[v:47 23 18 1.000000 1280]
[v:47 23 19 1.000000 1280]
[v:47 23 20 1.000000 1280]
[v:47 23 21 1.000000 1280]
[v:47 23 22 1.000000 1280]
[v:47 23 23 1.000000 1280]
[v:47 23 24 1.000000 1280]
[v:47 23 25 1.000000 1280]
[v:47 23 26 1.000000 1280]
[v:47 23 27 1.000000 1280]
[v:47 23 28 1.000000 1280]
[v:47 23 29 1.000000 1280]
[v:47 23 30 1.000000 1280]
[v:47 23 31 1.000000 1280]
[v:47 23 32 1.000000 1280]
[v:47 23 33 1.000000 1280]
[v:47 23 34 1.000000 1280]
[v:47 23 35 1.000000 1280]
[v:47 23 36 1.000000 1280]
[v:47 23 37 1.000000 1280]
[v:47 23 38 1.000000 1280]
[v:47 23 39 1.000000 1280]
[v:47 23 40 1.000000 1280]
[v:47 23 41 1.000000 1280]
[v:47 23 42 1.000000 1280]
[v:47 23 43 1.000000 1280]
[v:47 23 44 1.000000 1280]
[v:47 23 45 1.000000 1280]
[v:47 23 46 1.000000 1280]
[v:47 23 47 1.000000 1280]
[v:47 23 48 1.000000 1280]
[v:47 23 49 1.000000 1280]
[v:48 23  1 1.000000 1280]
[v:48 23  2 1.000000 1280]
[v:48 23  3 1.000000 1280]
[v:48 23  4 1.000000 1280]
[v:48 23  5 1.000000 1280]
[v:48 23  6 1.000000 1280]
[v:48 23  7 1.000000 1280]
[v:48 23  8 1.000000 1280]
[v:48 23  9 1.000000 1280]
[v:48 23 10 1.000000 1280]
[v:48 23 11 1.000000 1280]
[v:48 23 12 1.000000 1280]
[v:48 23 13 1.000000 1280]
[v:48 23 14 1.000000 1280]
[v:48 23 15 1.000000 1280]
[v:48 23 16 1.000000 1280]
[v:48 23 17 1.000000 1280]
[v:48 23 18 1.000000 1280]
[v:48 23 19 1.000000 1280]
[v:48 23 20 1.000000 1280]
[v:48 23 21 1.000000 1280]
[v:48 23 22 1.000000 1280]
[v:48 23 23 1.000000 1280]
[v:48 23 24 1.000000 1280]
[v:48 23 25 1.000000 1280]
[v:48 23 26 1.000000 1280]
[v:48 23 27 1.000000 1280]
[v:48 23 28 1.000000 1280]
[v:48 23 29 1.000000 1280]
[v:48 23 30 1.000000 1280]
[v:48 23 31 1.000000 1280]
[v:48 23 32 1.000000 1280]
[v:48 23 33 1.000000 1280]
[v:48 23 34 1.000000 1280]
[v:48 23 35 1.000000 1280]
[v:48 23 36 1.000000 1280]
[v:48 23 37 1.000000 1280]
[v:48 23 38 1.000000 1280]
[v:48 23 39 1.000000 1280]
[v:48 23 40 1.000000 1280]
[v:48 23 41 1.000000 1280]
[v:48 23 42 1.000000 1280]
[v:48 23 43 1.000000 1280]
[v:48 23 44 1.000000 1280]
[v:48 23 45 1.000000 1280]
[v:48 23 46 1.000000 1280]
[v:48 23 47 1.000000 1280]
[v:48 23 48 1.000000 1280]
[v:48 23 49 1.000000 1280]
[v:49 23  1 1.000000 1280]
[v:49 23  2 1.000000 1280]
[v:49 23  3 1.000000 1280]
[v:49 23  4 1.000000 1280]
[v:49 23  5 1.000000 1280]
[v:49 23  6 1.000000 1280]
[v:49 23  7 1.000000 1280]
[v:49 23  8 1.000000 1280]
[v:49 23  9 1.000000 1280]
[v:49 23 10 1.000000 1280]
[v:49 23 11 1.000000 1280]
[v:49 23 12 1.000000 1280]
[v:49 23 13 1.000000 1280]
[v:49 23 14 1.000000 1280]
[v:49 23 15 1.000000 1280]
[v:49 23 16 1.000000 1280]
[v:49 23 17 1.000000 1280]
[v:49 23 18 1.000000 1280]
[v:49 23 19 1.000000 1280]
[v:49 23 20 1.000000 1280]
[v:49 23 21 1.000000 1280]
[v:49 23 22 1.000000 1280]
[v:49 23 23 1.000000 1280]
[v:49 23 24 1.000000 1280]
[v:49 23 25 1.000000 1280]
[v:49 23 26 1.000000 1280]
[v:49 23 27 1.000000 1280]
[v:49 23 28 1.000000 1280]
[v:49 23 29 1.000000 1280]
[v:49 23 30 1.000000 1280]
[v:49 23 31 1.000000 1280]
[v:49 23 32 1.000000 1280]
[v:49 23 33 1.000000 1280]
[v:49 23 34 1.000000 1280]
[v:49 23 35 1.000000 1280]
[v:49 23 36 1.000000 1280]
[v:49 23 37 1.000000 1280]
[v:49 23 38 1.000000 1280]
[v:49 23 39 1.000000 1280]
[v:49 23 40 1.000000 1280]
[v:49 23 41 1.000000 1280]
[v:49 23 42 1.000000 1280]
[v:49 23 43 1.000000 1280]
[v:49 23 44 1.000000 1280]
[v:49 23 45 1.000000 1280]
[v:49 23 46 1.000000 1280]
[v:49 23 47 1.000000 1280]
[v:49 23 48 1.000000 1280]
[v:49 23 49 1.000000 1280]
[v:50 23  1 1.000000 1280]
[v:50 23  2 1.000000 1280]
[v:50 23  3 1.000000 1280]
[v:50 23  4 1.000000 1280]
[v:50 23  5 1.000000 1280]
[v:50 23  6 1.000000 1280]
[v:50 23  7 1.000000 1280]
[v:50 23  8 1.000000 1280]
[v:50 23  9 1.000000 1280]
[v:50 23 10 1.000000 1280]
[v:50 23 11 1.000000 1280]
[v:50 23 12 1.000000 1280]
[v:50 23 13 1.000000 1280]
[v:50 23 14 1.000000 1280]
[v:50 23 15 1.000000 1280]
[v:50 23 16 1.000000 1280]
[v:50 23 17 1.000000 1280]
[v:50 23 18 1.000000 1280]
[v:50 23 19 1.000000 1280]
[v:50 23 20 1.000000 1280]
[v:50 23 21 1.000000 1280]
[v:50 23 22 1.000000 1280]
[v:50 23 23 1.000000 1280]
[v:50 23 24 1.000000 1280]
[v:50 23 25 1.000000 1280]
[v:50 23 26 1.000000 1280]
[v:50 23 27 1.000000 1280]
[v:50 23 28 1.000000 1280]
[v:50 23 29 1.000000 1280]
[v:50 23 30 1.000000 1280]
[v:50 23 31 1.000000 1280]
[v:50 23 32 1.000000 1280]
[v:50 23 33 1.000000 1280]
[v:50 23 34 1.000000 1280]
[v:50 23 35 1.000000 1280]
[v:50 23 36 1.000000 1280]
[v:50 23 37 1.000000 1280]
[v:50 23 38 1.000000 1280]
[v:50 23 39 1.000000 1280]
[v:50 23 40 1.000000 1280]
[v:50 23 41 1.000000 1280]
[v:50 23 42 1.000000 1280]
[v:50 23 43 1.000000 1280]
[v:50 23 44 1.000000 1280]
[v:50 23 45 1.000000 1280]
[v:50 23 46 1.000000 1280]
[v:50 23 47 1.000000 1280]
[v:50 23 48 1.000000 1280]
[v:50 23 49 1.000000 1280]
